artifact,variant,model,field,reported_value,reproduced_value,difference,tolerance,judgement,metric,reference
primary_traceable_performance.csv,primary_traceable,corrected_primary_source_intercept_recalibrated,n,2104.0,2104.0,0.0,1e-10,match,,
primary_traceable_performance.csv,primary_traceable,corrected_primary_source_intercept_recalibrated,hospitals,37.0,37.0,0.0,1e-10,match,,
primary_traceable_performance.csv,primary_traceable,corrected_primary_source_intercept_recalibrated,events,734.0,734.0,0.0,1e-10,match,,
primary_traceable_performance.csv,primary_traceable,corrected_primary_source_intercept_recalibrated,prevalence,0.3488593155893536,0.3488593155893536,0.0,1e-10,match,,
primary_traceable_performance.csv,primary_traceable,corrected_primary_source_intercept_recalibrated,auroc,0.5039718371487103,0.5045088406690665,0.0005370035203562384,1e-10,DIFFERENCE,,
primary_traceable_performance.csv,primary_traceable,corrected_primary_source_intercept_recalibrated,auprc,0.3409961457724925,0.3415080414040652,0.000511895631572723,1e-10,DIFFERENCE,,
primary_traceable_performance.csv,primary_traceable,corrected_primary_source_intercept_recalibrated,brier,0.3943792598104712,0.3936106664481869,-0.0007685933622843533,1e-10,DIFFERENCE,,
primary_traceable_performance.csv,primary_traceable,corrected_primary_source_intercept_recalibrated,calibration_intercept,-0.6251493536890372,-0.6256093053483488,-0.0004599516593115638,1e-10,DIFFERENCE,,
primary_traceable_performance.csv,primary_traceable,corrected_primary_source_intercept_recalibrated,calibration_slope,0.04631167184706,0.0466568450375928,0.00034517319053280204,1e-10,DIFFERENCE,,
primary_traceable_performance.csv,primary_traceable,corrected_primary_source_intercept_recalibrated,mean_predicted_risk,0.590467544372502,0.5897304853792235,-0.0007370589932785832,1e-10,DIFFERENCE,,
primary_traceable_performance.csv,primary_traceable,corrected_primary_source_logistic_recalibrated,n,2104.0,2104.0,0.0,1e-10,match,,
primary_traceable_performance.csv,primary_traceable,corrected_primary_source_logistic_recalibrated,hospitals,37.0,37.0,0.0,1e-10,match,,
primary_traceable_performance.csv,primary_traceable,corrected_primary_source_logistic_recalibrated,events,734.0,734.0,0.0,1e-10,match,,
primary_traceable_performance.csv,primary_traceable,corrected_primary_source_logistic_recalibrated,prevalence,0.3488593155893536,0.3488593155893536,0.0,1e-10,match,,
primary_traceable_performance.csv,primary_traceable,corrected_primary_source_logistic_recalibrated,auroc,0.4960281628512897,0.4954911593309333,-0.000537003520356405,1e-10,DIFFERENCE,,
primary_traceable_performance.csv,primary_traceable,corrected_primary_source_logistic_recalibrated,auprc,0.3360323714792776,0.3356947370429475,-0.00033763443633011425,1e-10,DIFFERENCE,,
primary_traceable_performance.csv,primary_traceable,corrected_primary_source_logistic_recalibrated,brier,0.227512530678267,0.2275072393883405,-5.291289926490084e-06,1e-10,DIFFERENCE,,
primary_traceable_performance.csv,primary_traceable,corrected_primary_source_logistic_recalibrated,calibration_intercept,-4.327133349507797,-4.363231734137042,-0.03609838462924486,1e-10,DIFFERENCE,,
primary_traceable_performance.csv,primary_traceable,corrected_primary_source_logistic_recalibrated,calibration_slope,-5.6747102778682414,-5.732373140524176,-0.05766286265593479,1e-10,DIFFERENCE,,
primary_traceable_performance.csv,primary_traceable,corrected_primary_source_logistic_recalibrated,mean_predicted_risk,0.3425364605766509,0.3425947206519409,5.8260075290028634e-05,1e-10,DIFFERENCE,,
primary_traceable_performance.csv,primary_traceable,corrected_primary_source_raw,n,2104.0,2104.0,0.0,1e-10,match,,
primary_traceable_performance.csv,primary_traceable,corrected_primary_source_raw,hospitals,37.0,37.0,0.0,1e-10,match,,
primary_traceable_performance.csv,primary_traceable,corrected_primary_source_raw,events,734.0,734.0,0.0,1e-10,match,,
primary_traceable_performance.csv,primary_traceable,corrected_primary_source_raw,prevalence,0.3488593155893536,0.3488593155893536,0.0,1e-10,match,,
primary_traceable_performance.csv,primary_traceable,corrected_primary_source_raw,auroc,0.5039718371487103,0.5045088406690665,0.0005370035203562384,1e-10,DIFFERENCE,,
primary_traceable_performance.csv,primary_traceable,corrected_primary_source_raw,auprc,0.3409961457724924,0.3415080414040652,0.000511895631572834,1e-10,DIFFERENCE,,
primary_traceable_performance.csv,primary_traceable,corrected_primary_source_raw,brier,0.5205244092287068,0.5196946009319205,-0.0008298082967862497,1e-10,DIFFERENCE,,
primary_traceable_performance.csv,primary_traceable,corrected_primary_source_raw,calibration_intercept,-0.7915931849021928,-0.7898667962771421,0.001726388625050701,1e-10,DIFFERENCE,,
primary_traceable_performance.csv,primary_traceable,corrected_primary_source_raw,calibration_slope,0.0465078318252294,0.0468489972017502,0.00034116537652080503,1e-10,DIFFERENCE,,
primary_traceable_performance.csv,primary_traceable,corrected_primary_source_raw,mean_predicted_risk,0.8262946455518408,0.8252167631637634,-0.001077882388077489,1e-10,DIFFERENCE,,
primary_traceable_performance.csv,primary_traceable,corrected_strict_source_intercept_recalibrated,n,2104.0,2104.0,0.0,1e-10,match,,
primary_traceable_performance.csv,primary_traceable,corrected_strict_source_intercept_recalibrated,hospitals,37.0,37.0,0.0,1e-10,match,,
primary_traceable_performance.csv,primary_traceable,corrected_strict_source_intercept_recalibrated,events,734.0,734.0,0.0,1e-10,match,,
primary_traceable_performance.csv,primary_traceable,corrected_strict_source_intercept_recalibrated,prevalence,0.3488593155893536,0.3488593155893536,0.0,1e-10,match,,
primary_traceable_performance.csv,primary_traceable,corrected_strict_source_intercept_recalibrated,auroc,0.5041090713816901,0.5043099504763421,0.0002008790946519401,1e-10,DIFFERENCE,,
primary_traceable_performance.csv,primary_traceable,corrected_strict_source_intercept_recalibrated,auprc,0.3407059559518404,0.3405910882600007,-0.00011486769183971512,1e-10,DIFFERENCE,,
primary_traceable_performance.csv,primary_traceable,corrected_strict_source_intercept_recalibrated,brier,0.3930366436725561,0.3935258328418326,0.0004891891692765382,1e-10,DIFFERENCE,,
primary_traceable_performance.csv,primary_traceable,corrected_strict_source_intercept_recalibrated,calibration_intercept,-0.6250876113066747,-0.6251676434154637,-8.003210878904099e-05,1e-10,DIFFERENCE,,
primary_traceable_performance.csv,primary_traceable,corrected_strict_source_intercept_recalibrated,calibration_slope,0.0473472807432662,0.0470604287878457,-0.00028685195542049735,1e-10,DIFFERENCE,,
primary_traceable_performance.csv,primary_traceable,corrected_strict_source_intercept_recalibrated,mean_predicted_risk,0.5900608967052373,0.5904024540775301,0.00034155737229280003,1e-10,DIFFERENCE,,
primary_traceable_performance.csv,primary_traceable,corrected_strict_source_logistic_recalibrated,n,2104.0,2104.0,0.0,1e-10,match,,
primary_traceable_performance.csv,primary_traceable,corrected_strict_source_logistic_recalibrated,hospitals,37.0,37.0,0.0,1e-10,match,,
primary_traceable_performance.csv,primary_traceable,corrected_strict_source_logistic_recalibrated,events,734.0,734.0,0.0,1e-10,match,,
primary_traceable_performance.csv,primary_traceable,corrected_strict_source_logistic_recalibrated,prevalence,0.3488593155893536,0.3488593155893536,0.0,1e-10,match,,
primary_traceable_performance.csv,primary_traceable,corrected_strict_source_logistic_recalibrated,auroc,0.4958909286183098,0.495690049523658,-0.00020087909465177356,1e-10,DIFFERENCE,,
primary_traceable_performance.csv,primary_traceable,corrected_strict_source_logistic_recalibrated,auprc,0.3359604994726276,0.3359249328061525,-3.556666647513973e-05,1e-10,DIFFERENCE,,
primary_traceable_performance.csv,primary_traceable,corrected_strict_source_logistic_recalibrated,brier,0.2274808336076615,0.2274835163317166,2.6827240550975073e-06,1e-10,DIFFERENCE,,
primary_traceable_performance.csv,primary_traceable,corrected_strict_source_logistic_recalibrated,calibration_intercept,-4.746544189179743,-4.703778570447802,0.0427656187319414,1e-10,DIFFERENCE,,
primary_traceable_performance.csv,primary_traceable,corrected_strict_source_logistic_recalibrated,calibration_slope,-6.331965704598658,-6.2649868134623325,0.06697889113632538,1e-10,DIFFERENCE,,
primary_traceable_performance.csv,primary_traceable,corrected_strict_source_logistic_recalibrated,mean_predicted_risk,0.3428627006595776,0.3428333467377604,-2.9353921817187878e-05,1e-10,DIFFERENCE,,
primary_traceable_performance.csv,primary_traceable,corrected_strict_source_raw,n,2104.0,2104.0,0.0,1e-10,match,,
primary_traceable_performance.csv,primary_traceable,corrected_strict_source_raw,hospitals,37.0,37.0,0.0,1e-10,match,,
primary_traceable_performance.csv,primary_traceable,corrected_strict_source_raw,events,734.0,734.0,0.0,1e-10,match,,
primary_traceable_performance.csv,primary_traceable,corrected_strict_source_raw,prevalence,0.3488593155893536,0.3488593155893536,0.0,1e-10,match,,
primary_traceable_performance.csv,primary_traceable,corrected_strict_source_raw,auroc,0.5041090713816901,0.5043099504763421,0.0002008790946519401,1e-10,DIFFERENCE,,
primary_traceable_performance.csv,primary_traceable,corrected_strict_source_raw,auprc,0.3407059559518404,0.3405910882600007,-0.00011486769183971512,1e-10,DIFFERENCE,,
primary_traceable_performance.csv,primary_traceable,corrected_strict_source_raw,brier,0.5204650242869222,0.5206762900016036,0.00021126571468144117,1e-10,DIFFERENCE,,
primary_traceable_performance.csv,primary_traceable,corrected_strict_source_raw,calibration_intercept,-0.7946795324726651,-0.7944276166185825,0.0002519158540825739,1e-10,DIFFERENCE,,
primary_traceable_performance.csv,primary_traceable,corrected_strict_source_raw,calibration_slope,0.047533198910344,0.0472488070597997,-0.00028439185054430355,1e-10,DIFFERENCE,,
primary_traceable_performance.csv,primary_traceable,corrected_strict_source_raw,mean_predicted_risk,0.8273023452013536,0.8274521171853949,0.00014977198404131364,1e-10,DIFFERENCE,,
primary_traceable_performance.csv,primary_traceable,source_trained__corrected_primary__harmonized_dynamic_vitals,n,2104.0,2104.0,0.0,1e-10,match,,
primary_traceable_performance.csv,primary_traceable,source_trained__corrected_primary__harmonized_dynamic_vitals,hospitals,37.0,37.0,0.0,1e-10,match,,
primary_traceable_performance.csv,primary_traceable,source_trained__corrected_primary__harmonized_dynamic_vitals,events,734.0,734.0,0.0,1e-10,match,,
primary_traceable_performance.csv,primary_traceable,source_trained__corrected_primary__harmonized_dynamic_vitals,prevalence,0.3488593155893536,0.3488593155893536,0.0,1e-10,match,,
primary_traceable_performance.csv,primary_traceable,source_trained__corrected_primary__harmonized_dynamic_vitals,auroc,0.5059120109787387,0.5043467451619961,-0.0015652658167426559,1e-10,DIFFERENCE,,
primary_traceable_performance.csv,primary_traceable,source_trained__corrected_primary__harmonized_dynamic_vitals,auprc,0.3663993402878907,0.3650351568934107,-0.0013641833944799675,1e-10,DIFFERENCE,,
primary_traceable_performance.csv,primary_traceable,source_trained__corrected_primary__harmonized_dynamic_vitals,brier,0.2373283827353626,0.2377817685454686,0.0004533858101059829,1e-10,DIFFERENCE,,
primary_traceable_performance.csv,primary_traceable,source_trained__corrected_primary__harmonized_dynamic_vitals,calibration_intercept,-0.5698045152827346,-0.5711751339076394,-0.0013706186249048402,1e-10,DIFFERENCE,,
primary_traceable_performance.csv,primary_traceable,source_trained__corrected_primary__harmonized_dynamic_vitals,calibration_slope,0.0762881774760634,0.0743457170140915,-0.0019424604619718983,1e-10,DIFFERENCE,,
primary_traceable_performance.csv,primary_traceable,source_trained__corrected_primary__harmonized_dynamic_vitals,mean_predicted_risk,0.3476547897622576,0.3480725402980792,0.0004177505358216038,1e-10,DIFFERENCE,,
primary_traceable_performance.csv,primary_traceable,source_trained__corrected_primary__harmonized_last_values,n,2104.0,2104.0,0.0,1e-10,match,,
primary_traceable_performance.csv,primary_traceable,source_trained__corrected_primary__harmonized_last_values,hospitals,37.0,37.0,0.0,1e-10,match,,
primary_traceable_performance.csv,primary_traceable,source_trained__corrected_primary__harmonized_last_values,events,734.0,734.0,0.0,1e-10,match,,
primary_traceable_performance.csv,primary_traceable,source_trained__corrected_primary__harmonized_last_values,prevalence,0.3488593155893536,0.3488593155893536,0.0,1e-10,match,,
primary_traceable_performance.csv,primary_traceable,source_trained__corrected_primary__harmonized_last_values,auroc,0.4648083692993098,0.463879552099286,-0.0009288172000238015,1e-10,DIFFERENCE,,
primary_traceable_performance.csv,primary_traceable,source_trained__corrected_primary__harmonized_last_values,auprc,0.3244941538376069,0.3232324996670076,-0.0012616541705992579,1e-10,DIFFERENCE,,
primary_traceable_performance.csv,primary_traceable,source_trained__corrected_primary__harmonized_last_values,brier,0.2411856861398442,0.2413251834970612,0.0001394973572169944,1e-10,DIFFERENCE,,
primary_traceable_performance.csv,primary_traceable,source_trained__corrected_primary__harmonized_last_values,calibration_intercept,-0.6420658044970687,-0.6415824095157869,0.0004833949812818039,1e-10,DIFFERENCE,,
primary_traceable_performance.csv,primary_traceable,source_trained__corrected_primary__harmonized_last_values,calibration_slope,-0.0307309635251984,-0.0296388133052848,0.0010921502199135978,1e-10,DIFFERENCE,,
primary_traceable_performance.csv,primary_traceable,source_trained__corrected_primary__harmonized_last_values,mean_predicted_risk,0.3750274652252094,0.3741654965699533,-0.0008619686552561179,1e-10,DIFFERENCE,,
primary_traceable_performance.csv,primary_traceable,source_trained__corrected_strict__harmonized_dynamic_vitals,n,2104.0,2104.0,0.0,1e-10,match,,
primary_traceable_performance.csv,primary_traceable,source_trained__corrected_strict__harmonized_dynamic_vitals,hospitals,37.0,37.0,0.0,1e-10,match,,
primary_traceable_performance.csv,primary_traceable,source_trained__corrected_strict__harmonized_dynamic_vitals,events,734.0,734.0,0.0,1e-10,match,,
primary_traceable_performance.csv,primary_traceable,source_trained__corrected_strict__harmonized_dynamic_vitals,prevalence,0.3488593155893536,0.3488593155893536,0.0,1e-10,match,,
primary_traceable_performance.csv,primary_traceable,source_trained__corrected_strict__harmonized_dynamic_vitals,auroc,0.5072246862507209,0.504455140317031,-0.002769545933689943,1e-10,DIFFERENCE,,
primary_traceable_performance.csv,primary_traceable,source_trained__corrected_strict__harmonized_dynamic_vitals,auprc,0.3671595144143049,0.3647840003476608,-0.002375514066644102,1e-10,DIFFERENCE,,
primary_traceable_performance.csv,primary_traceable,source_trained__corrected_strict__harmonized_dynamic_vitals,brier,0.2368778521702265,0.2376149622782679,0.0007371101080413944,1e-10,DIFFERENCE,,
primary_traceable_performance.csv,primary_traceable,source_trained__corrected_strict__harmonized_dynamic_vitals,calibration_intercept,-0.5643404915987179,-0.5704531870980963,-0.006112695499378429,1e-10,DIFFERENCE,,
primary_traceable_performance.csv,primary_traceable,source_trained__corrected_strict__harmonized_dynamic_vitals,calibration_slope,0.0868072104648065,0.0782755870520348,-0.008531623412771694,1e-10,DIFFERENCE,,
primary_traceable_performance.csv,primary_traceable,source_trained__corrected_strict__harmonized_dynamic_vitals,mean_predicted_risk,0.351883290456158,0.353434131423359,0.0015508409672009837,1e-10,DIFFERENCE,,
primary_traceable_performance.csv,primary_traceable,source_trained__corrected_strict__harmonized_last_values,n,2104.0,2104.0,0.0,1e-10,match,,
primary_traceable_performance.csv,primary_traceable,source_trained__corrected_strict__harmonized_last_values,hospitals,37.0,37.0,0.0,1e-10,match,,
primary_traceable_performance.csv,primary_traceable,source_trained__corrected_strict__harmonized_last_values,events,734.0,734.0,0.0,1e-10,match,,
primary_traceable_performance.csv,primary_traceable,source_trained__corrected_strict__harmonized_last_values,prevalence,0.3488593155893536,0.3488593155893536,0.0,1e-10,match,,
primary_traceable_performance.csv,primary_traceable,source_trained__corrected_strict__harmonized_last_values,auroc,0.4672815688458402,0.4661807116291096,-0.0011008572167305886,1e-10,DIFFERENCE,,
primary_traceable_performance.csv,primary_traceable,source_trained__corrected_strict__harmonized_last_values,auprc,0.3262945976252157,0.3248974007814225,-0.0013971968437931914,1e-10,DIFFERENCE,,
primary_traceable_performance.csv,primary_traceable,source_trained__corrected_strict__harmonized_last_values,brier,0.240996175232232,0.2412791121040593,0.0002829368718273162,1e-10,DIFFERENCE,,
primary_traceable_performance.csv,primary_traceable,source_trained__corrected_strict__harmonized_last_values,calibration_intercept,-0.6379834905565518,-0.637332491182032,0.000650999374519845,1e-10,DIFFERENCE,,
primary_traceable_performance.csv,primary_traceable,source_trained__corrected_strict__harmonized_last_values,calibration_slope,-0.0242820529883786,-0.0231069825965821,0.0011750703917964983,1e-10,DIFFERENCE,,
primary_traceable_performance.csv,primary_traceable,source_trained__corrected_strict__harmonized_last_values,mean_predicted_risk,0.3776698056009512,0.3776998969063351,3.0091305383894706e-05,1e-10,DIFFERENCE,,
primary_traceable_performance.csv,primary_traceable,target_native__harmonized_dynamic_vitals,n,2104.0,2104.0,0.0,1e-10,match,,
primary_traceable_performance.csv,primary_traceable,target_native__harmonized_dynamic_vitals,hospitals,37.0,37.0,0.0,1e-10,match,,
primary_traceable_performance.csv,primary_traceable,target_native__harmonized_dynamic_vitals,events,734.0,734.0,0.0,1e-10,match,,
primary_traceable_performance.csv,primary_traceable,target_native__harmonized_dynamic_vitals,prevalence,0.3488593155893536,0.3488593155893536,0.0,1e-10,match,,
primary_traceable_performance.csv,primary_traceable,target_native__harmonized_dynamic_vitals,auroc,0.6293412756816962,0.6294655820521491,0.00012430637045290904,1e-10,DIFFERENCE,,
primary_traceable_performance.csv,primary_traceable,target_native__harmonized_dynamic_vitals,auprc,0.4791114449573424,0.4790027564313084,-0.00010868852603401757,1e-10,DIFFERENCE,,
primary_traceable_performance.csv,primary_traceable,target_native__harmonized_dynamic_vitals,brier,0.2159457887414958,0.2159215032542064,-2.428548728941604e-05,1e-10,DIFFERENCE,,
primary_traceable_performance.csv,primary_traceable,target_native__harmonized_dynamic_vitals,calibration_intercept,-0.1469664634598125,-0.1461419887247955,0.0008244747350170112,1e-10,DIFFERENCE,,
primary_traceable_performance.csv,primary_traceable,target_native__harmonized_dynamic_vitals,calibration_slope,0.866414080283694,0.8676667043512981,0.001252624067604069,1e-10,DIFFERENCE,,
primary_traceable_performance.csv,primary_traceable,target_native__harmonized_dynamic_vitals,mean_predicted_risk,0.3660923593607413,0.3660443981136269,-4.796124711442529e-05,1e-10,DIFFERENCE,,
primary_traceable_performance.csv,primary_traceable,target_native__harmonized_last_values,n,2104.0,2104.0,0.0,1e-10,match,,
primary_traceable_performance.csv,primary_traceable,target_native__harmonized_last_values,hospitals,37.0,37.0,0.0,1e-10,match,,
primary_traceable_performance.csv,primary_traceable,target_native__harmonized_last_values,events,734.0,734.0,0.0,1e-10,match,,
primary_traceable_performance.csv,primary_traceable,target_native__harmonized_last_values,prevalence,0.3488593155893536,0.3488593155893536,0.0,1e-10,match,,
primary_traceable_performance.csv,primary_traceable,target_native__harmonized_last_values,auroc,0.6116818154696791,0.6116818154696791,0.0,1e-10,match,,
primary_traceable_performance.csv,primary_traceable,target_native__harmonized_last_values,auprc,0.4639928113806456,0.4639928113806456,0.0,1e-10,match,,
primary_traceable_performance.csv,primary_traceable,target_native__harmonized_last_values,brier,0.2193421588386196,0.2193421588386196,0.0,1e-10,match,,
primary_traceable_performance.csv,primary_traceable,target_native__harmonized_last_values,calibration_intercept,-0.1226751243155299,-0.1226751243155299,0.0,1e-10,match,,
primary_traceable_performance.csv,primary_traceable,target_native__harmonized_last_values,calibration_slope,0.9855131258851456,0.9855131258851456,0.0,1e-10,match,,
primary_traceable_performance.csv,primary_traceable,target_native__harmonized_last_values,mean_predicted_risk,0.3745858118055489,0.3745858118055489,0.0,1e-10,match,,
primary_traceable_performance.csv,primary_traceable,target_native_refit,n,2104.0,2104.0,0.0,1e-10,match,,
primary_traceable_performance.csv,primary_traceable,target_native_refit,hospitals,37.0,37.0,0.0,1e-10,match,,
primary_traceable_performance.csv,primary_traceable,target_native_refit,events,734.0,734.0,0.0,1e-10,match,,
primary_traceable_performance.csv,primary_traceable,target_native_refit,prevalence,0.3488593155893536,0.3488593155893536,0.0,1e-10,match,,
primary_traceable_performance.csv,primary_traceable,target_native_refit,auroc,0.6324300403747092,0.6324499293939815,1.9889019272301134e-05,1e-10,DIFFERENCE,,
primary_traceable_performance.csv,primary_traceable,target_native_refit,auprc,0.4725976799383783,0.4725743998520904,-2.3280086287935653e-05,1e-10,DIFFERENCE,,
primary_traceable_performance.csv,primary_traceable,target_native_refit,brier,0.2155669600771221,0.2155744718226065,7.511745484412025e-06,1e-10,DIFFERENCE,,
primary_traceable_performance.csv,primary_traceable,target_native_refit,calibration_intercept,-0.1214704501260513,-0.1216197892546506,-0.0001493391285992962,1e-10,DIFFERENCE,,
primary_traceable_performance.csv,primary_traceable,target_native_refit,calibration_slope,0.8349359901582046,0.8346827489624844,-0.00025324119572023296,1e-10,DIFFERENCE,,
primary_traceable_performance.csv,primary_traceable,target_native_refit,mean_predicted_risk,0.355500717181781,0.3555048770313861,4.159849605112065e-06,1e-10,DIFFERENCE,,
primary_traceable_hospital_CI.csv,primary_traceable,corrected_primary_source_intercept_recalibrated,estimate,0.3409961457724925,0.3415080414040652,0.000511895631572723,1e-08,DIFFERENCE,auprc,
primary_traceable_hospital_CI.csv,primary_traceable,corrected_primary_source_intercept_recalibrated,ci_low,0.2749343558510795,0.2759732083358222,0.0010388524847426694,1e-08,DIFFERENCE,auprc,
primary_traceable_hospital_CI.csv,primary_traceable,corrected_primary_source_intercept_recalibrated,ci_high,0.3901844592477005,0.39043329640944,0.0002488371617395124,1e-08,DIFFERENCE,auprc,
primary_traceable_hospital_CI.csv,primary_traceable,corrected_primary_source_intercept_recalibrated,valid_replicates,1000.0,1000.0,0.0,1e-08,match,auprc,
primary_traceable_hospital_CI.csv,primary_traceable,corrected_primary_source_intercept_recalibrated,attempted_replicates,1000.0,1000.0,0.0,1e-08,match,auprc,
primary_traceable_hospital_CI.csv,primary_traceable,corrected_primary_source_intercept_recalibrated,estimate,0.5039718371487103,0.5045088406690665,0.0005370035203562384,1e-08,DIFFERENCE,auroc,
primary_traceable_hospital_CI.csv,primary_traceable,corrected_primary_source_intercept_recalibrated,ci_low,0.4628068981476826,0.4630695603217777,0.0002626621740950963,1e-08,DIFFERENCE,auroc,
primary_traceable_hospital_CI.csv,primary_traceable,corrected_primary_source_intercept_recalibrated,ci_high,0.5382428145171112,0.5386650072671737,0.0004221927500625,1e-08,DIFFERENCE,auroc,
primary_traceable_hospital_CI.csv,primary_traceable,corrected_primary_source_intercept_recalibrated,valid_replicates,1000.0,1000.0,0.0,1e-08,match,auroc,
primary_traceable_hospital_CI.csv,primary_traceable,corrected_primary_source_intercept_recalibrated,attempted_replicates,1000.0,1000.0,0.0,1e-08,match,auroc,
primary_traceable_hospital_CI.csv,primary_traceable,corrected_primary_source_intercept_recalibrated,estimate,0.3943792598104712,0.3936106664481869,-0.0007685933622843533,1e-08,DIFFERENCE,brier,
primary_traceable_hospital_CI.csv,primary_traceable,corrected_primary_source_intercept_recalibrated,ci_low,0.3559391784245322,0.3549075584392284,-0.0010316199853038222,1e-08,DIFFERENCE,brier,
primary_traceable_hospital_CI.csv,primary_traceable,corrected_primary_source_intercept_recalibrated,ci_high,0.4205687634621824,0.4199682742645401,-0.0006004891976423288,1e-08,DIFFERENCE,brier,
primary_traceable_hospital_CI.csv,primary_traceable,corrected_primary_source_intercept_recalibrated,valid_replicates,1000.0,1000.0,0.0,1e-08,match,brier,
primary_traceable_hospital_CI.csv,primary_traceable,corrected_primary_source_intercept_recalibrated,attempted_replicates,1000.0,1000.0,0.0,1e-08,match,brier,
primary_traceable_hospital_CI.csv,primary_traceable,corrected_primary_source_intercept_recalibrated,estimate,-0.6251493536890372,-0.6256093053483488,-0.0004599516593115638,1e-08,DIFFERENCE,calibration_intercept,
primary_traceable_hospital_CI.csv,primary_traceable,corrected_primary_source_intercept_recalibrated,ci_low,-0.8940578194065103,-0.8946456164641713,-0.0005877970576609881,1e-08,DIFFERENCE,calibration_intercept,
primary_traceable_hospital_CI.csv,primary_traceable,corrected_primary_source_intercept_recalibrated,ci_high,-0.4313723151921334,-0.4315650358027045,-0.00019272061057107326,1e-08,DIFFERENCE,calibration_intercept,
primary_traceable_hospital_CI.csv,primary_traceable,corrected_primary_source_intercept_recalibrated,valid_replicates,997.0,999.0,2.0,1e-08,DIFFERENCE,calibration_intercept,
primary_traceable_hospital_CI.csv,primary_traceable,corrected_primary_source_intercept_recalibrated,attempted_replicates,1000.0,1000.0,0.0,1e-08,match,calibration_intercept,
primary_traceable_hospital_CI.csv,primary_traceable,corrected_primary_source_intercept_recalibrated,estimate,0.04631167184706,0.0466568450375928,0.00034517319053280204,1e-08,DIFFERENCE,calibration_slope,
primary_traceable_hospital_CI.csv,primary_traceable,corrected_primary_source_intercept_recalibrated,ci_low,-0.0142598254378798,-0.0144738719558244,-0.0002140465179445994,1e-08,DIFFERENCE,calibration_slope,
primary_traceable_hospital_CI.csv,primary_traceable,corrected_primary_source_intercept_recalibrated,ci_high,0.0974094656615394,0.0985771934158558,0.0011677277543164083,1e-08,DIFFERENCE,calibration_slope,
primary_traceable_hospital_CI.csv,primary_traceable,corrected_primary_source_intercept_recalibrated,valid_replicates,997.0,999.0,2.0,1e-08,DIFFERENCE,calibration_slope,
primary_traceable_hospital_CI.csv,primary_traceable,corrected_primary_source_intercept_recalibrated,attempted_replicates,1000.0,1000.0,0.0,1e-08,match,calibration_slope,
primary_traceable_hospital_CI.csv,primary_traceable,corrected_primary_source_intercept_recalibrated,estimate,0.590467544372502,0.5897304853792235,-0.0007370589932785832,1e-08,DIFFERENCE,mean_predicted_risk,
primary_traceable_hospital_CI.csv,primary_traceable,corrected_primary_source_intercept_recalibrated,ci_low,0.4026590364870579,0.4022877209916765,-0.00037131549538144126,1e-08,DIFFERENCE,mean_predicted_risk,
primary_traceable_hospital_CI.csv,primary_traceable,corrected_primary_source_intercept_recalibrated,ci_high,0.6956050046788245,0.6950999138074184,-0.0005050908714060443,1e-08,DIFFERENCE,mean_predicted_risk,
primary_traceable_hospital_CI.csv,primary_traceable,corrected_primary_source_intercept_recalibrated,valid_replicates,1000.0,1000.0,0.0,1e-08,match,mean_predicted_risk,
primary_traceable_hospital_CI.csv,primary_traceable,corrected_primary_source_intercept_recalibrated,attempted_replicates,1000.0,1000.0,0.0,1e-08,match,mean_predicted_risk,
primary_traceable_hospital_CI.csv,primary_traceable,corrected_primary_source_logistic_recalibrated,estimate,0.3360323714792776,0.3356947370429475,-0.00033763443633011425,1e-08,DIFFERENCE,auprc,
primary_traceable_hospital_CI.csv,primary_traceable,corrected_primary_source_logistic_recalibrated,ci_low,0.2778852589693925,0.2775009335758376,-0.00038432539355487405,1e-08,DIFFERENCE,auprc,
primary_traceable_hospital_CI.csv,primary_traceable,corrected_primary_source_logistic_recalibrated,ci_high,0.39743077630281,0.3972907304749496,-0.0001400458278603689,1e-08,DIFFERENCE,auprc,
primary_traceable_hospital_CI.csv,primary_traceable,corrected_primary_source_logistic_recalibrated,valid_replicates,1000.0,1000.0,0.0,1e-08,match,auprc,
primary_traceable_hospital_CI.csv,primary_traceable,corrected_primary_source_logistic_recalibrated,attempted_replicates,1000.0,1000.0,0.0,1e-08,match,auprc,
primary_traceable_hospital_CI.csv,primary_traceable,corrected_primary_source_logistic_recalibrated,estimate,0.4960281628512897,0.4954911593309333,-0.000537003520356405,1e-08,DIFFERENCE,auroc,
primary_traceable_hospital_CI.csv,primary_traceable,corrected_primary_source_logistic_recalibrated,ci_low,0.4617571854828888,0.4613349927328262,-0.00042219275006261103,1e-08,DIFFERENCE,auroc,
primary_traceable_hospital_CI.csv,primary_traceable,corrected_primary_source_logistic_recalibrated,ci_high,0.5371931018523174,0.5369304396782221,-0.00026266217409531833,1e-08,DIFFERENCE,auroc,
primary_traceable_hospital_CI.csv,primary_traceable,corrected_primary_source_logistic_recalibrated,valid_replicates,1000.0,1000.0,0.0,1e-08,match,auroc,
primary_traceable_hospital_CI.csv,primary_traceable,corrected_primary_source_logistic_recalibrated,attempted_replicates,1000.0,1000.0,0.0,1e-08,match,auroc,
primary_traceable_hospital_CI.csv,primary_traceable,corrected_primary_source_logistic_recalibrated,estimate,0.227512530678267,0.2275072393883405,-5.291289926490084e-06,1e-08,DIFFERENCE,brier,
primary_traceable_hospital_CI.csv,primary_traceable,corrected_primary_source_logistic_recalibrated,ci_low,0.2079486827113259,0.2079499357646927,1.2530533667898247e-06,1e-08,DIFFERENCE,brier,
primary_traceable_hospital_CI.csv,primary_traceable,corrected_primary_source_logistic_recalibrated,ci_high,0.2422610181893479,0.2422491632714395,-1.185491790839377e-05,1e-08,DIFFERENCE,brier,
primary_traceable_hospital_CI.csv,primary_traceable,corrected_primary_source_logistic_recalibrated,valid_replicates,1000.0,1000.0,0.0,1e-08,match,brier,
primary_traceable_hospital_CI.csv,primary_traceable,corrected_primary_source_logistic_recalibrated,attempted_replicates,1000.0,1000.0,0.0,1e-08,match,brier,
primary_traceable_hospital_CI.csv,primary_traceable,corrected_primary_source_logistic_recalibrated,estimate,-4.327133349507797,-4.363231734137042,-0.03609838462924486,1e-08,DIFFERENCE,calibration_intercept,
primary_traceable_hospital_CI.csv,primary_traceable,corrected_primary_source_logistic_recalibrated,ci_low,-8.416580280416598,-8.535460965427442,-0.11888068501084348,1e-08,DIFFERENCE,calibration_intercept,
primary_traceable_hospital_CI.csv,primary_traceable,corrected_primary_source_logistic_recalibrated,ci_high,0.1747106463320121,0.2488887091007063,0.07417806276869418,1e-08,DIFFERENCE,calibration_intercept,
primary_traceable_hospital_CI.csv,primary_traceable,corrected_primary_source_logistic_recalibrated,valid_replicates,1000.0,1000.0,0.0,1e-08,match,calibration_intercept,
primary_traceable_hospital_CI.csv,primary_traceable,corrected_primary_source_logistic_recalibrated,attempted_replicates,1000.0,1000.0,0.0,1e-08,match,calibration_intercept,
primary_traceable_hospital_CI.csv,primary_traceable,corrected_primary_source_logistic_recalibrated,estimate,-5.6747102778682414,-5.732373140524176,-0.05766286265593479,1e-08,DIFFERENCE,calibration_slope,
primary_traceable_hospital_CI.csv,primary_traceable,corrected_primary_source_logistic_recalibrated,ci_low,-11.849209731304594,-12.032455799798784,-0.18324606849419034,1e-08,DIFFERENCE,calibration_slope,
primary_traceable_hospital_CI.csv,primary_traceable,corrected_primary_source_logistic_recalibrated,ci_high,1.5544005970272454,1.5790147371623433,0.024614140135097884,1e-08,DIFFERENCE,calibration_slope,
primary_traceable_hospital_CI.csv,primary_traceable,corrected_primary_source_logistic_recalibrated,valid_replicates,1000.0,1000.0,0.0,1e-08,match,calibration_slope,
primary_traceable_hospital_CI.csv,primary_traceable,corrected_primary_source_logistic_recalibrated,attempted_replicates,1000.0,1000.0,0.0,1e-08,match,calibration_slope,
primary_traceable_hospital_CI.csv,primary_traceable,corrected_primary_source_logistic_recalibrated,estimate,0.3425364605766509,0.3425947206519409,5.8260075290028634e-05,1e-08,DIFFERENCE,mean_predicted_risk,
primary_traceable_hospital_CI.csv,primary_traceable,corrected_primary_source_logistic_recalibrated,ci_low,0.3410366594382439,0.3411122284200969,7.556898185301364e-05,1e-08,DIFFERENCE,mean_predicted_risk,
primary_traceable_hospital_CI.csv,primary_traceable,corrected_primary_source_logistic_recalibrated,ci_high,0.3452242468629309,0.3452483673042245,2.4120441293573602e-05,1e-08,DIFFERENCE,mean_predicted_risk,
primary_traceable_hospital_CI.csv,primary_traceable,corrected_primary_source_logistic_recalibrated,valid_replicates,1000.0,1000.0,0.0,1e-08,match,mean_predicted_risk,
primary_traceable_hospital_CI.csv,primary_traceable,corrected_primary_source_logistic_recalibrated,attempted_replicates,1000.0,1000.0,0.0,1e-08,match,mean_predicted_risk,
primary_traceable_hospital_CI.csv,primary_traceable,corrected_primary_source_raw,estimate,0.3409961457724924,0.3415080414040652,0.000511895631572834,1e-08,DIFFERENCE,auprc,
primary_traceable_hospital_CI.csv,primary_traceable,corrected_primary_source_raw,ci_low,0.2749343558510795,0.2759732083358222,0.0010388524847426694,1e-08,DIFFERENCE,auprc,
primary_traceable_hospital_CI.csv,primary_traceable,corrected_primary_source_raw,ci_high,0.3901844592477006,0.39043329640944,0.0002488371617394014,1e-08,DIFFERENCE,auprc,
primary_traceable_hospital_CI.csv,primary_traceable,corrected_primary_source_raw,valid_replicates,1000.0,1000.0,0.0,1e-08,match,auprc,
primary_traceable_hospital_CI.csv,primary_traceable,corrected_primary_source_raw,attempted_replicates,1000.0,1000.0,0.0,1e-08,match,auprc,
primary_traceable_hospital_CI.csv,primary_traceable,corrected_primary_source_raw,estimate,0.5039718371487103,0.5045088406690665,0.0005370035203562384,1e-08,DIFFERENCE,auroc,
primary_traceable_hospital_CI.csv,primary_traceable,corrected_primary_source_raw,ci_low,0.4628068981476826,0.4630695603217777,0.0002626621740950963,1e-08,DIFFERENCE,auroc,
primary_traceable_hospital_CI.csv,primary_traceable,corrected_primary_source_raw,ci_high,0.5382428145171112,0.5386650072671737,0.0004221927500625,1e-08,DIFFERENCE,auroc,
primary_traceable_hospital_CI.csv,primary_traceable,corrected_primary_source_raw,valid_replicates,1000.0,1000.0,0.0,1e-08,match,auroc,
primary_traceable_hospital_CI.csv,primary_traceable,corrected_primary_source_raw,attempted_replicates,1000.0,1000.0,0.0,1e-08,match,auroc,
primary_traceable_hospital_CI.csv,primary_traceable,corrected_primary_source_raw,estimate,0.5205244092287068,0.5196946009319205,-0.0008298082967862497,1e-08,DIFFERENCE,brier,
primary_traceable_hospital_CI.csv,primary_traceable,corrected_primary_source_raw,ci_low,0.449915779025049,0.4493426489314068,-0.0005731300936421824,1e-08,DIFFERENCE,brier,
primary_traceable_hospital_CI.csv,primary_traceable,corrected_primary_source_raw,ci_high,0.5656423000288683,0.5647524947716445,-0.0008898052572238191,1e-08,DIFFERENCE,brier,
primary_traceable_hospital_CI.csv,primary_traceable,corrected_primary_source_raw,valid_replicates,1000.0,1000.0,0.0,1e-08,match,brier,
primary_traceable_hospital_CI.csv,primary_traceable,corrected_primary_source_raw,attempted_replicates,1000.0,1000.0,0.0,1e-08,match,brier,
primary_traceable_hospital_CI.csv,primary_traceable,corrected_primary_source_raw,estimate,-0.7915931849021928,-0.7898667962771421,0.001726388625050701,1e-08,DIFFERENCE,calibration_intercept,
primary_traceable_hospital_CI.csv,primary_traceable,corrected_primary_source_raw,ci_low,-1.089909071767358,-1.0880901261685945,0.0018189455987636105,1e-08,DIFFERENCE,calibration_intercept,
primary_traceable_hospital_CI.csv,primary_traceable,corrected_primary_source_raw,ci_high,-0.4957635819122435,-0.4947953032600418,0.0009682786522017262,1e-08,DIFFERENCE,calibration_intercept,
primary_traceable_hospital_CI.csv,primary_traceable,corrected_primary_source_raw,valid_replicates,1000.0,1000.0,0.0,1e-08,match,calibration_intercept,
primary_traceable_hospital_CI.csv,primary_traceable,corrected_primary_source_raw,attempted_replicates,1000.0,1000.0,0.0,1e-08,match,calibration_intercept,
primary_traceable_hospital_CI.csv,primary_traceable,corrected_primary_source_raw,estimate,0.0465078318252294,0.0468489972017502,0.00034116537652080503,1e-08,DIFFERENCE,calibration_slope,
primary_traceable_hospital_CI.csv,primary_traceable,corrected_primary_source_raw,ci_low,-0.0127393043231486,-0.0129048334122504,-0.00016552908910179992,1e-08,DIFFERENCE,calibration_slope,
primary_traceable_hospital_CI.csv,primary_traceable,corrected_primary_source_raw,ci_high,0.0971119827846018,0.0983379603420645,0.001225977557462704,1e-08,DIFFERENCE,calibration_slope,
primary_traceable_hospital_CI.csv,primary_traceable,corrected_primary_source_raw,valid_replicates,1000.0,1000.0,0.0,1e-08,match,calibration_slope,
primary_traceable_hospital_CI.csv,primary_traceable,corrected_primary_source_raw,attempted_replicates,1000.0,1000.0,0.0,1e-08,match,calibration_slope,
primary_traceable_hospital_CI.csv,primary_traceable,corrected_primary_source_raw,estimate,0.8262946455518408,0.8252167631637634,-0.001077882388077489,1e-08,DIFFERENCE,mean_predicted_risk,
primary_traceable_hospital_CI.csv,primary_traceable,corrected_primary_source_raw,ci_low,0.6711919471037122,0.6701845584762058,-0.0010073886275063781,1e-08,DIFFERENCE,mean_predicted_risk,
primary_traceable_hospital_CI.csv,primary_traceable,corrected_primary_source_raw,ci_high,0.9109065040757498,0.9097545475182512,-0.0011519565574985569,1e-08,DIFFERENCE,mean_predicted_risk,
primary_traceable_hospital_CI.csv,primary_traceable,corrected_primary_source_raw,valid_replicates,1000.0,1000.0,0.0,1e-08,match,mean_predicted_risk,
primary_traceable_hospital_CI.csv,primary_traceable,corrected_primary_source_raw,attempted_replicates,1000.0,1000.0,0.0,1e-08,match,mean_predicted_risk,
primary_traceable_hospital_CI.csv,primary_traceable,corrected_strict_source_intercept_recalibrated,estimate,0.3407059559518404,0.3405910882600007,-0.00011486769183971512,1e-08,DIFFERENCE,auprc,
primary_traceable_hospital_CI.csv,primary_traceable,corrected_strict_source_intercept_recalibrated,ci_low,0.2751470828849556,0.2757894391129489,0.0006423562279933015,1e-08,DIFFERENCE,auprc,
primary_traceable_hospital_CI.csv,primary_traceable,corrected_strict_source_intercept_recalibrated,ci_high,0.3892210119839305,0.3891840639592007,-3.69480247298104e-05,1e-08,DIFFERENCE,auprc,
primary_traceable_hospital_CI.csv,primary_traceable,corrected_strict_source_intercept_recalibrated,valid_replicates,1000.0,1000.0,0.0,1e-08,match,auprc,
primary_traceable_hospital_CI.csv,primary_traceable,corrected_strict_source_intercept_recalibrated,attempted_replicates,1000.0,1000.0,0.0,1e-08,match,auprc,
primary_traceable_hospital_CI.csv,primary_traceable,corrected_strict_source_intercept_recalibrated,estimate,0.5041090713816901,0.5043099504763421,0.0002008790946519401,1e-08,DIFFERENCE,auroc,
primary_traceable_hospital_CI.csv,primary_traceable,corrected_strict_source_intercept_recalibrated,ci_low,0.4630788658469189,0.4629128874475234,-0.0001659783993954722,1e-08,DIFFERENCE,auroc,
primary_traceable_hospital_CI.csv,primary_traceable,corrected_strict_source_intercept_recalibrated,ci_high,0.537842934757583,0.5381549557335313,0.0003120209759482906,1e-08,DIFFERENCE,auroc,
primary_traceable_hospital_CI.csv,primary_traceable,corrected_strict_source_intercept_recalibrated,valid_replicates,1000.0,1000.0,0.0,1e-08,match,auroc,
primary_traceable_hospital_CI.csv,primary_traceable,corrected_strict_source_intercept_recalibrated,attempted_replicates,1000.0,1000.0,0.0,1e-08,match,auroc,
primary_traceable_hospital_CI.csv,primary_traceable,corrected_strict_source_intercept_recalibrated,estimate,0.3930366436725561,0.3935258328418326,0.0004891891692765382,1e-08,DIFFERENCE,brier,
primary_traceable_hospital_CI.csv,primary_traceable,corrected_strict_source_intercept_recalibrated,ci_low,0.3549037814463421,0.3552266877190781,0.00032290627273601213,1e-08,DIFFERENCE,brier,
primary_traceable_hospital_CI.csv,primary_traceable,corrected_strict_source_intercept_recalibrated,ci_high,0.4188471116971771,0.4196753707710739,0.000828259073896831,1e-08,DIFFERENCE,brier,
primary_traceable_hospital_CI.csv,primary_traceable,corrected_strict_source_intercept_recalibrated,valid_replicates,1000.0,1000.0,0.0,1e-08,match,brier,
primary_traceable_hospital_CI.csv,primary_traceable,corrected_strict_source_intercept_recalibrated,attempted_replicates,1000.0,1000.0,0.0,1e-08,match,brier,
primary_traceable_hospital_CI.csv,primary_traceable,corrected_strict_source_intercept_recalibrated,estimate,-0.6250876113066747,-0.6251676434154637,-8.003210878904099e-05,1e-08,DIFFERENCE,calibration_intercept,
primary_traceable_hospital_CI.csv,primary_traceable,corrected_strict_source_intercept_recalibrated,ci_low,-0.8935741644531451,-0.8934695598923068,0.00010460456083827285,1e-08,DIFFERENCE,calibration_intercept,
primary_traceable_hospital_CI.csv,primary_traceable,corrected_strict_source_intercept_recalibrated,ci_high,-0.431816713585447,-0.4316033601109281,0.00021335347451889586,1e-08,DIFFERENCE,calibration_intercept,
primary_traceable_hospital_CI.csv,primary_traceable,corrected_strict_source_intercept_recalibrated,valid_replicates,999.0,997.0,-2.0,1e-08,DIFFERENCE,calibration_intercept,
primary_traceable_hospital_CI.csv,primary_traceable,corrected_strict_source_intercept_recalibrated,attempted_replicates,1000.0,1000.0,0.0,1e-08,match,calibration_intercept,
primary_traceable_hospital_CI.csv,primary_traceable,corrected_strict_source_intercept_recalibrated,estimate,0.0473472807432662,0.0470604287878457,-0.00028685195542049735,1e-08,DIFFERENCE,calibration_slope,
primary_traceable_hospital_CI.csv,primary_traceable,corrected_strict_source_intercept_recalibrated,ci_low,-0.0134990735370533,-0.013424790042614,7.428349443929991e-05,1e-08,DIFFERENCE,calibration_slope,
primary_traceable_hospital_CI.csv,primary_traceable,corrected_strict_source_intercept_recalibrated,ci_high,0.0989750001905857,0.098850295353023,-0.00012470483756268913,1e-08,DIFFERENCE,calibration_slope,
primary_traceable_hospital_CI.csv,primary_traceable,corrected_strict_source_intercept_recalibrated,valid_replicates,999.0,997.0,-2.0,1e-08,DIFFERENCE,calibration_slope,
primary_traceable_hospital_CI.csv,primary_traceable,corrected_strict_source_intercept_recalibrated,attempted_replicates,1000.0,1000.0,0.0,1e-08,match,calibration_slope,
primary_traceable_hospital_CI.csv,primary_traceable,corrected_strict_source_intercept_recalibrated,estimate,0.5900608967052373,0.5904024540775301,0.00034155737229280003,1e-08,DIFFERENCE,mean_predicted_risk,
primary_traceable_hospital_CI.csv,primary_traceable,corrected_strict_source_intercept_recalibrated,ci_low,0.4025002591119603,0.4023075996255963,-0.00019265948636398855,1e-08,DIFFERENCE,mean_predicted_risk,
primary_traceable_hospital_CI.csv,primary_traceable,corrected_strict_source_intercept_recalibrated,ci_high,0.6947691650353403,0.6957932531960301,0.0010240881606898844,1e-08,DIFFERENCE,mean_predicted_risk,
primary_traceable_hospital_CI.csv,primary_traceable,corrected_strict_source_intercept_recalibrated,valid_replicates,1000.0,1000.0,0.0,1e-08,match,mean_predicted_risk,
primary_traceable_hospital_CI.csv,primary_traceable,corrected_strict_source_intercept_recalibrated,attempted_replicates,1000.0,1000.0,0.0,1e-08,match,mean_predicted_risk,
primary_traceable_hospital_CI.csv,primary_traceable,corrected_strict_source_logistic_recalibrated,estimate,0.3359604994726276,0.3359249328061525,-3.556666647513973e-05,1e-08,DIFFERENCE,auprc,
primary_traceable_hospital_CI.csv,primary_traceable,corrected_strict_source_logistic_recalibrated,ci_low,0.2780150112722538,0.2777813080469229,-0.0002337032253308946,1e-08,DIFFERENCE,auprc,
primary_traceable_hospital_CI.csv,primary_traceable,corrected_strict_source_logistic_recalibrated,ci_high,0.3972369034125498,0.3977368956220233,0.0004999922094734988,1e-08,DIFFERENCE,auprc,
primary_traceable_hospital_CI.csv,primary_traceable,corrected_strict_source_logistic_recalibrated,valid_replicates,1000.0,1000.0,0.0,1e-08,match,auprc,
primary_traceable_hospital_CI.csv,primary_traceable,corrected_strict_source_logistic_recalibrated,attempted_replicates,1000.0,1000.0,0.0,1e-08,match,auprc,
primary_traceable_hospital_CI.csv,primary_traceable,corrected_strict_source_logistic_recalibrated,estimate,0.4958909286183098,0.495690049523658,-0.00020087909465177356,1e-08,DIFFERENCE,auroc,
primary_traceable_hospital_CI.csv,primary_traceable,corrected_strict_source_logistic_recalibrated,ci_low,0.4621570652424169,0.4618450442664687,-0.00031202097594817957,1e-08,DIFFERENCE,auroc,
primary_traceable_hospital_CI.csv,primary_traceable,corrected_strict_source_logistic_recalibrated,ci_high,0.5369211341530811,0.5370871125524764,0.0001659783993953612,1e-08,DIFFERENCE,auroc,
primary_traceable_hospital_CI.csv,primary_traceable,corrected_strict_source_logistic_recalibrated,valid_replicates,1000.0,1000.0,0.0,1e-08,match,auroc,
primary_traceable_hospital_CI.csv,primary_traceable,corrected_strict_source_logistic_recalibrated,attempted_replicates,1000.0,1000.0,0.0,1e-08,match,auroc,
primary_traceable_hospital_CI.csv,primary_traceable,corrected_strict_source_logistic_recalibrated,estimate,0.2274808336076615,0.2274835163317166,2.6827240550975073e-06,1e-08,DIFFERENCE,brier,
primary_traceable_hospital_CI.csv,primary_traceable,corrected_strict_source_logistic_recalibrated,ci_low,0.2079455619875332,0.2079480785472039,2.5165596707066307e-06,1e-08,DIFFERENCE,brier,
primary_traceable_hospital_CI.csv,primary_traceable,corrected_strict_source_logistic_recalibrated,ci_high,0.2421878398233424,0.2421926538225402,4.813999197800234e-06,1e-08,DIFFERENCE,brier,
primary_traceable_hospital_CI.csv,primary_traceable,corrected_strict_source_logistic_recalibrated,valid_replicates,1000.0,1000.0,0.0,1e-08,match,brier,
primary_traceable_hospital_CI.csv,primary_traceable,corrected_strict_source_logistic_recalibrated,attempted_replicates,1000.0,1000.0,0.0,1e-08,match,brier,
primary_traceable_hospital_CI.csv,primary_traceable,corrected_strict_source_logistic_recalibrated,estimate,-4.746544189179743,-4.703778570447802,0.0427656187319414,1e-08,DIFFERENCE,calibration_intercept,
primary_traceable_hospital_CI.csv,primary_traceable,corrected_strict_source_logistic_recalibrated,ci_low,-9.228896237309868,-9.174940487761925,0.05395574954794391,1e-08,DIFFERENCE,calibration_intercept,
primary_traceable_hospital_CI.csv,primary_traceable,corrected_strict_source_logistic_recalibrated,ci_high,0.2009383038963913,0.1944267314871994,-0.006511572409191896,1e-08,DIFFERENCE,calibration_intercept,
primary_traceable_hospital_CI.csv,primary_traceable,corrected_strict_source_logistic_recalibrated,valid_replicates,1000.0,1000.0,0.0,1e-08,match,calibration_intercept,
primary_traceable_hospital_CI.csv,primary_traceable,corrected_strict_source_logistic_recalibrated,attempted_replicates,1000.0,1000.0,0.0,1e-08,match,calibration_intercept,
primary_traceable_hospital_CI.csv,primary_traceable,corrected_strict_source_logistic_recalibrated,estimate,-6.331965704598658,-6.2649868134623325,0.06697889113632538,1e-08,DIFFERENCE,calibration_slope,
primary_traceable_hospital_CI.csv,primary_traceable,corrected_strict_source_logistic_recalibrated,ci_low,-13.14785412090222,-13.067203076072074,0.08065104483014629,1e-08,DIFFERENCE,calibration_slope,
primary_traceable_hospital_CI.csv,primary_traceable,corrected_strict_source_logistic_recalibrated,ci_high,1.5950549375335197,1.5748364168860662,-0.020218520647453442,1e-08,DIFFERENCE,calibration_slope,
primary_traceable_hospital_CI.csv,primary_traceable,corrected_strict_source_logistic_recalibrated,valid_replicates,1000.0,1000.0,0.0,1e-08,match,calibration_slope,
primary_traceable_hospital_CI.csv,primary_traceable,corrected_strict_source_logistic_recalibrated,attempted_replicates,1000.0,1000.0,0.0,1e-08,match,calibration_slope,
primary_traceable_hospital_CI.csv,primary_traceable,corrected_strict_source_logistic_recalibrated,estimate,0.3428627006595776,0.3428333467377604,-2.9353921817187878e-05,1e-08,DIFFERENCE,mean_predicted_risk,
primary_traceable_hospital_CI.csv,primary_traceable,corrected_strict_source_logistic_recalibrated,ci_low,0.3415033855750752,0.341458939460294,-4.444611478121585e-05,1e-08,DIFFERENCE,mean_predicted_risk,
primary_traceable_hospital_CI.csv,primary_traceable,corrected_strict_source_logistic_recalibrated,ci_high,0.3453047813601417,0.3453009328326629,-3.84852747881137e-06,1e-08,DIFFERENCE,mean_predicted_risk,
primary_traceable_hospital_CI.csv,primary_traceable,corrected_strict_source_logistic_recalibrated,valid_replicates,1000.0,1000.0,0.0,1e-08,match,mean_predicted_risk,
primary_traceable_hospital_CI.csv,primary_traceable,corrected_strict_source_logistic_recalibrated,attempted_replicates,1000.0,1000.0,0.0,1e-08,match,mean_predicted_risk,
primary_traceable_hospital_CI.csv,primary_traceable,corrected_strict_source_raw,estimate,0.3407059559518404,0.3405910882600007,-0.00011486769183971512,1e-08,DIFFERENCE,auprc,
primary_traceable_hospital_CI.csv,primary_traceable,corrected_strict_source_raw,ci_low,0.2751470828849556,0.2757894391129489,0.0006423562279933015,1e-08,DIFFERENCE,auprc,
primary_traceable_hospital_CI.csv,primary_traceable,corrected_strict_source_raw,ci_high,0.3892210119839305,0.3891840639592007,-3.69480247298104e-05,1e-08,DIFFERENCE,auprc,
primary_traceable_hospital_CI.csv,primary_traceable,corrected_strict_source_raw,valid_replicates,1000.0,1000.0,0.0,1e-08,match,auprc,
primary_traceable_hospital_CI.csv,primary_traceable,corrected_strict_source_raw,attempted_replicates,1000.0,1000.0,0.0,1e-08,match,auprc,
primary_traceable_hospital_CI.csv,primary_traceable,corrected_strict_source_raw,estimate,0.5041090713816901,0.5043099504763421,0.0002008790946519401,1e-08,DIFFERENCE,auroc,
primary_traceable_hospital_CI.csv,primary_traceable,corrected_strict_source_raw,ci_low,0.4630788658469189,0.4629128874475234,-0.0001659783993954722,1e-08,DIFFERENCE,auroc,
primary_traceable_hospital_CI.csv,primary_traceable,corrected_strict_source_raw,ci_high,0.537842934757583,0.5381549557335313,0.0003120209759482906,1e-08,DIFFERENCE,auroc,
primary_traceable_hospital_CI.csv,primary_traceable,corrected_strict_source_raw,valid_replicates,1000.0,1000.0,0.0,1e-08,match,auroc,
primary_traceable_hospital_CI.csv,primary_traceable,corrected_strict_source_raw,attempted_replicates,1000.0,1000.0,0.0,1e-08,match,auroc,
primary_traceable_hospital_CI.csv,primary_traceable,corrected_strict_source_raw,estimate,0.5204650242869222,0.5206762900016036,0.00021126571468144117,1e-08,DIFFERENCE,brier,
primary_traceable_hospital_CI.csv,primary_traceable,corrected_strict_source_raw,ci_low,0.4499003821038491,0.4501544497465083,0.0002540676426592281,1e-08,DIFFERENCE,brier,
primary_traceable_hospital_CI.csv,primary_traceable,corrected_strict_source_raw,ci_high,0.565569879120958,0.5657694049233994,0.00019952580244142482,1e-08,DIFFERENCE,brier,
primary_traceable_hospital_CI.csv,primary_traceable,corrected_strict_source_raw,valid_replicates,1000.0,1000.0,0.0,1e-08,match,brier,
primary_traceable_hospital_CI.csv,primary_traceable,corrected_strict_source_raw,attempted_replicates,1000.0,1000.0,0.0,1e-08,match,brier,
primary_traceable_hospital_CI.csv,primary_traceable,corrected_strict_source_raw,estimate,-0.7946795324726651,-0.7944276166185825,0.0002519158540825739,1e-08,DIFFERENCE,calibration_intercept,
primary_traceable_hospital_CI.csv,primary_traceable,corrected_strict_source_raw,ci_low,-1.0940176610355947,-1.0947327489706271,-0.000715087935032388,1e-08,DIFFERENCE,calibration_intercept,
primary_traceable_hospital_CI.csv,primary_traceable,corrected_strict_source_raw,ci_high,-0.4993022416920465,-0.4974476353431501,0.0018546063488963926,1e-08,DIFFERENCE,calibration_intercept,
primary_traceable_hospital_CI.csv,primary_traceable,corrected_strict_source_raw,valid_replicates,1000.0,1000.0,0.0,1e-08,match,calibration_intercept,
primary_traceable_hospital_CI.csv,primary_traceable,corrected_strict_source_raw,attempted_replicates,1000.0,1000.0,0.0,1e-08,match,calibration_intercept,
primary_traceable_hospital_CI.csv,primary_traceable,corrected_strict_source_raw,estimate,0.047533198910344,0.0472488070597997,-0.00028439185054430355,1e-08,DIFFERENCE,calibration_slope,
primary_traceable_hospital_CI.csv,primary_traceable,corrected_strict_source_raw,ci_low,-0.011973870049524,-0.0118769941361411,9.68759133829003e-05,1e-08,DIFFERENCE,calibration_slope,
primary_traceable_hospital_CI.csv,primary_traceable,corrected_strict_source_raw,ci_high,0.0986994204390664,0.0985495281346899,-0.0001498923043765088,1e-08,DIFFERENCE,calibration_slope,
primary_traceable_hospital_CI.csv,primary_traceable,corrected_strict_source_raw,valid_replicates,1000.0,1000.0,0.0,1e-08,match,calibration_slope,
primary_traceable_hospital_CI.csv,primary_traceable,corrected_strict_source_raw,attempted_replicates,1000.0,1000.0,0.0,1e-08,match,calibration_slope,
primary_traceable_hospital_CI.csv,primary_traceable,corrected_strict_source_raw,estimate,0.8273023452013536,0.8274521171853949,0.00014977198404131364,1e-08,DIFFERENCE,mean_predicted_risk,
primary_traceable_hospital_CI.csv,primary_traceable,corrected_strict_source_raw,ci_low,0.6730288740019491,0.6732021726502202,0.00017329864827109187,1e-08,DIFFERENCE,mean_predicted_risk,
primary_traceable_hospital_CI.csv,primary_traceable,corrected_strict_source_raw,ci_high,0.9114810258740124,0.9115744610155774,9.343514156501254e-05,1e-08,DIFFERENCE,mean_predicted_risk,
primary_traceable_hospital_CI.csv,primary_traceable,corrected_strict_source_raw,valid_replicates,1000.0,1000.0,0.0,1e-08,match,mean_predicted_risk,
primary_traceable_hospital_CI.csv,primary_traceable,corrected_strict_source_raw,attempted_replicates,1000.0,1000.0,0.0,1e-08,match,mean_predicted_risk,
primary_traceable_hospital_CI.csv,primary_traceable,source_trained__corrected_primary__harmonized_dynamic_vitals,estimate,0.3663993402878907,0.3650351568934107,-0.0013641833944799675,1e-08,DIFFERENCE,auprc,
primary_traceable_hospital_CI.csv,primary_traceable,source_trained__corrected_primary__harmonized_dynamic_vitals,ci_low,0.2830179282325271,0.281841872541182,-0.0011760556913451015,1e-08,DIFFERENCE,auprc,
primary_traceable_hospital_CI.csv,primary_traceable,source_trained__corrected_primary__harmonized_dynamic_vitals,ci_high,0.4256572044045882,0.4241134564065263,-0.0015437479980618951,1e-08,DIFFERENCE,auprc,
primary_traceable_hospital_CI.csv,primary_traceable,source_trained__corrected_primary__harmonized_dynamic_vitals,valid_replicates,1000.0,1000.0,0.0,1e-08,match,auprc,
primary_traceable_hospital_CI.csv,primary_traceable,source_trained__corrected_primary__harmonized_dynamic_vitals,attempted_replicates,1000.0,1000.0,0.0,1e-08,match,auprc,
primary_traceable_hospital_CI.csv,primary_traceable,source_trained__corrected_primary__harmonized_dynamic_vitals,estimate,0.5059120109787387,0.5043467451619961,-0.0015652658167426559,1e-08,DIFFERENCE,auroc,
primary_traceable_hospital_CI.csv,primary_traceable,source_trained__corrected_primary__harmonized_dynamic_vitals,ci_low,0.4574673281262607,0.4554993789922454,-0.0019679491340152677,1e-08,DIFFERENCE,auroc,
primary_traceable_hospital_CI.csv,primary_traceable,source_trained__corrected_primary__harmonized_dynamic_vitals,ci_high,0.5339725819167738,0.5326337944245984,-0.0013387874921754195,1e-08,DIFFERENCE,auroc,
primary_traceable_hospital_CI.csv,primary_traceable,source_trained__corrected_primary__harmonized_dynamic_vitals,valid_replicates,1000.0,1000.0,0.0,1e-08,match,auroc,
primary_traceable_hospital_CI.csv,primary_traceable,source_trained__corrected_primary__harmonized_dynamic_vitals,attempted_replicates,1000.0,1000.0,0.0,1e-08,match,auroc,
primary_traceable_hospital_CI.csv,primary_traceable,source_trained__corrected_primary__harmonized_dynamic_vitals,estimate,0.2373283827353626,0.2377817685454686,0.0004533858101059829,1e-08,DIFFERENCE,brier,
primary_traceable_hospital_CI.csv,primary_traceable,source_trained__corrected_primary__harmonized_dynamic_vitals,ci_low,0.2184961695047733,0.2190793959295082,0.0005832264247349062,1e-08,DIFFERENCE,brier,
primary_traceable_hospital_CI.csv,primary_traceable,source_trained__corrected_primary__harmonized_dynamic_vitals,ci_high,0.2514108046206084,0.2519776748104561,0.0005668701898476902,1e-08,DIFFERENCE,brier,
primary_traceable_hospital_CI.csv,primary_traceable,source_trained__corrected_primary__harmonized_dynamic_vitals,valid_replicates,1000.0,1000.0,0.0,1e-08,match,brier,
primary_traceable_hospital_CI.csv,primary_traceable,source_trained__corrected_primary__harmonized_dynamic_vitals,attempted_replicates,1000.0,1000.0,0.0,1e-08,match,brier,
primary_traceable_hospital_CI.csv,primary_traceable,source_trained__corrected_primary__harmonized_dynamic_vitals,estimate,-0.5698045152827346,-0.5711751339076394,-0.0013706186249048402,1e-08,DIFFERENCE,calibration_intercept,
primary_traceable_hospital_CI.csv,primary_traceable,source_trained__corrected_primary__harmonized_dynamic_vitals,ci_low,-1.0074763332659815,-1.0097397558982084,-0.002263422632226897,1e-08,DIFFERENCE,calibration_intercept,
primary_traceable_hospital_CI.csv,primary_traceable,source_trained__corrected_primary__harmonized_dynamic_vitals,ci_high,-0.3273848804909525,-0.3288009682504097,-0.0014160877594572296,1e-08,DIFFERENCE,calibration_intercept,
primary_traceable_hospital_CI.csv,primary_traceable,source_trained__corrected_primary__harmonized_dynamic_vitals,valid_replicates,1000.0,1000.0,0.0,1e-08,match,calibration_intercept,
primary_traceable_hospital_CI.csv,primary_traceable,source_trained__corrected_primary__harmonized_dynamic_vitals,attempted_replicates,1000.0,1000.0,0.0,1e-08,match,calibration_intercept,
primary_traceable_hospital_CI.csv,primary_traceable,source_trained__corrected_primary__harmonized_dynamic_vitals,estimate,0.0762881774760634,0.0743457170140915,-0.0019424604619718983,1e-08,DIFFERENCE,calibration_slope,
primary_traceable_hospital_CI.csv,primary_traceable,source_trained__corrected_primary__harmonized_dynamic_vitals,ci_low,-0.1751910786210039,-0.1780680075944157,-0.002876928973411824,1e-08,DIFFERENCE,calibration_slope,
primary_traceable_hospital_CI.csv,primary_traceable,source_trained__corrected_primary__harmonized_dynamic_vitals,ci_high,0.2154448385726052,0.213055932832336,-0.0023889057402692038,1e-08,DIFFERENCE,calibration_slope,
primary_traceable_hospital_CI.csv,primary_traceable,source_trained__corrected_primary__harmonized_dynamic_vitals,valid_replicates,1000.0,1000.0,0.0,1e-08,match,calibration_slope,
primary_traceable_hospital_CI.csv,primary_traceable,source_trained__corrected_primary__harmonized_dynamic_vitals,attempted_replicates,1000.0,1000.0,0.0,1e-08,match,calibration_slope,
primary_traceable_hospital_CI.csv,primary_traceable,source_trained__corrected_primary__harmonized_dynamic_vitals,estimate,0.3476547897622576,0.3480725402980792,0.0004177505358216038,1e-08,DIFFERENCE,mean_predicted_risk,
primary_traceable_hospital_CI.csv,primary_traceable,source_trained__corrected_primary__harmonized_dynamic_vitals,ci_low,0.3308128500426128,0.3308572654559007,4.4415413287923755e-05,1e-08,DIFFERENCE,mean_predicted_risk,
primary_traceable_hospital_CI.csv,primary_traceable,source_trained__corrected_primary__harmonized_dynamic_vitals,ci_high,0.3580790374353349,0.3588368804568709,0.0007578430215359755,1e-08,DIFFERENCE,mean_predicted_risk,
primary_traceable_hospital_CI.csv,primary_traceable,source_trained__corrected_primary__harmonized_dynamic_vitals,valid_replicates,1000.0,1000.0,0.0,1e-08,match,mean_predicted_risk,
primary_traceable_hospital_CI.csv,primary_traceable,source_trained__corrected_primary__harmonized_dynamic_vitals,attempted_replicates,1000.0,1000.0,0.0,1e-08,match,mean_predicted_risk,
primary_traceable_hospital_CI.csv,primary_traceable,source_trained__corrected_primary__harmonized_last_values,estimate,0.3244941538376069,0.3232324996670076,-0.0012616541705992579,1e-08,DIFFERENCE,auprc,
primary_traceable_hospital_CI.csv,primary_traceable,source_trained__corrected_primary__harmonized_last_values,ci_low,0.2470285674425845,0.2461310955978635,-0.0008974718447209984,1e-08,DIFFERENCE,auprc,
primary_traceable_hospital_CI.csv,primary_traceable,source_trained__corrected_primary__harmonized_last_values,ci_high,0.3859041206368822,0.3840371493392364,-0.001866971297645792,1e-08,DIFFERENCE,auprc,
primary_traceable_hospital_CI.csv,primary_traceable,source_trained__corrected_primary__harmonized_last_values,valid_replicates,1000.0,1000.0,0.0,1e-08,match,auprc,
primary_traceable_hospital_CI.csv,primary_traceable,source_trained__corrected_primary__harmonized_last_values,attempted_replicates,1000.0,1000.0,0.0,1e-08,match,auprc,
primary_traceable_hospital_CI.csv,primary_traceable,source_trained__corrected_primary__harmonized_last_values,estimate,0.4648083692993098,0.463879552099286,-0.0009288172000238015,1e-08,DIFFERENCE,auroc,
primary_traceable_hospital_CI.csv,primary_traceable,source_trained__corrected_primary__harmonized_last_values,ci_low,0.421033876579685,0.4205961658772406,-0.000437710702444416,1e-08,DIFFERENCE,auroc,
primary_traceable_hospital_CI.csv,primary_traceable,source_trained__corrected_primary__harmonized_last_values,ci_high,0.4935223352591382,0.4926245105833112,-0.000897824675826997,1e-08,DIFFERENCE,auroc,
primary_traceable_hospital_CI.csv,primary_traceable,source_trained__corrected_primary__harmonized_last_values,valid_replicates,1000.0,1000.0,0.0,1e-08,match,auroc,
primary_traceable_hospital_CI.csv,primary_traceable,source_trained__corrected_primary__harmonized_last_values,attempted_replicates,1000.0,1000.0,0.0,1e-08,match,auroc,
primary_traceable_hospital_CI.csv,primary_traceable,source_trained__corrected_primary__harmonized_last_values,estimate,0.2411856861398442,0.2413251834970612,0.0001394973572169944,1e-08,DIFFERENCE,brier,
primary_traceable_hospital_CI.csv,primary_traceable,source_trained__corrected_primary__harmonized_last_values,ci_low,0.228162646586454,0.2280614776428665,-0.0001011689435874985,1e-08,DIFFERENCE,brier,
primary_traceable_hospital_CI.csv,primary_traceable,source_trained__corrected_primary__harmonized_last_values,ci_high,0.2516507754921075,0.2518844982796631,0.00023372278755556808,1e-08,DIFFERENCE,brier,
primary_traceable_hospital_CI.csv,primary_traceable,source_trained__corrected_primary__harmonized_last_values,valid_replicates,1000.0,1000.0,0.0,1e-08,match,brier,
primary_traceable_hospital_CI.csv,primary_traceable,source_trained__corrected_primary__harmonized_last_values,attempted_replicates,1000.0,1000.0,0.0,1e-08,match,brier,
primary_traceable_hospital_CI.csv,primary_traceable,source_trained__corrected_primary__harmonized_last_values,estimate,-0.6420658044970687,-0.6415824095157869,0.0004833949812818039,1e-08,DIFFERENCE,calibration_intercept,
primary_traceable_hospital_CI.csv,primary_traceable,source_trained__corrected_primary__harmonized_last_values,ci_low,-1.078206033784658,-1.0785872497633606,-0.00038121597870266477,1e-08,DIFFERENCE,calibration_intercept,
primary_traceable_hospital_CI.csv,primary_traceable,source_trained__corrected_primary__harmonized_last_values,ci_high,-0.3843553550871358,-0.3840033210959388,0.0003520339911969872,1e-08,DIFFERENCE,calibration_intercept,
primary_traceable_hospital_CI.csv,primary_traceable,source_trained__corrected_primary__harmonized_last_values,valid_replicates,1000.0,1000.0,0.0,1e-08,match,calibration_intercept,
primary_traceable_hospital_CI.csv,primary_traceable,source_trained__corrected_primary__harmonized_last_values,attempted_replicates,1000.0,1000.0,0.0,1e-08,match,calibration_intercept,
primary_traceable_hospital_CI.csv,primary_traceable,source_trained__corrected_primary__harmonized_last_values,estimate,-0.0307309635251984,-0.0296388133052848,0.0010921502199135978,1e-08,DIFFERENCE,calibration_slope,
primary_traceable_hospital_CI.csv,primary_traceable,source_trained__corrected_primary__harmonized_last_values,ci_low,-0.334164960789685,-0.3283947979422788,0.005770162847406168,1e-08,DIFFERENCE,calibration_slope,
primary_traceable_hospital_CI.csv,primary_traceable,source_trained__corrected_primary__harmonized_last_values,ci_high,0.1151389047650086,0.1164132810994261,0.0012743763344175013,1e-08,DIFFERENCE,calibration_slope,
primary_traceable_hospital_CI.csv,primary_traceable,source_trained__corrected_primary__harmonized_last_values,valid_replicates,1000.0,1000.0,0.0,1e-08,match,calibration_slope,
primary_traceable_hospital_CI.csv,primary_traceable,source_trained__corrected_primary__harmonized_last_values,attempted_replicates,1000.0,1000.0,0.0,1e-08,match,calibration_slope,
primary_traceable_hospital_CI.csv,primary_traceable,source_trained__corrected_primary__harmonized_last_values,estimate,0.3750274652252094,0.3741654965699533,-0.0008619686552561179,1e-08,DIFFERENCE,mean_predicted_risk,
primary_traceable_hospital_CI.csv,primary_traceable,source_trained__corrected_primary__harmonized_last_values,ci_low,0.3681011860673135,0.3672415061018957,-0.0008596799654178033,1e-08,DIFFERENCE,mean_predicted_risk,
primary_traceable_hospital_CI.csv,primary_traceable,source_trained__corrected_primary__harmonized_last_values,ci_high,0.3814993523672679,0.3802686823973122,-0.001230669969955689,1e-08,DIFFERENCE,mean_predicted_risk,
primary_traceable_hospital_CI.csv,primary_traceable,source_trained__corrected_primary__harmonized_last_values,valid_replicates,1000.0,1000.0,0.0,1e-08,match,mean_predicted_risk,
primary_traceable_hospital_CI.csv,primary_traceable,source_trained__corrected_primary__harmonized_last_values,attempted_replicates,1000.0,1000.0,0.0,1e-08,match,mean_predicted_risk,
primary_traceable_hospital_CI.csv,primary_traceable,source_trained__corrected_strict__harmonized_dynamic_vitals,estimate,0.3671595144143049,0.3647840003476608,-0.002375514066644102,1e-08,DIFFERENCE,auprc,
primary_traceable_hospital_CI.csv,primary_traceable,source_trained__corrected_strict__harmonized_dynamic_vitals,ci_low,0.2843192180066768,0.2822904079226285,-0.002028810084048316,1e-08,DIFFERENCE,auprc,
primary_traceable_hospital_CI.csv,primary_traceable,source_trained__corrected_strict__harmonized_dynamic_vitals,ci_high,0.4265776942193903,0.4237807046596064,-0.0027969895597839134,1e-08,DIFFERENCE,auprc,
primary_traceable_hospital_CI.csv,primary_traceable,source_trained__corrected_strict__harmonized_dynamic_vitals,valid_replicates,1000.0,1000.0,0.0,1e-08,match,auprc,
primary_traceable_hospital_CI.csv,primary_traceable,source_trained__corrected_strict__harmonized_dynamic_vitals,attempted_replicates,1000.0,1000.0,0.0,1e-08,match,auprc,
primary_traceable_hospital_CI.csv,primary_traceable,source_trained__corrected_strict__harmonized_dynamic_vitals,estimate,0.5072246862507209,0.504455140317031,-0.002769545933689943,1e-08,DIFFERENCE,auroc,
primary_traceable_hospital_CI.csv,primary_traceable,source_trained__corrected_strict__harmonized_dynamic_vitals,ci_low,0.4600769952940671,0.4570173892637482,-0.0030596060303189065,1e-08,DIFFERENCE,auroc,
primary_traceable_hospital_CI.csv,primary_traceable,source_trained__corrected_strict__harmonized_dynamic_vitals,ci_high,0.5356382061234315,0.5330168920859161,-0.002621314037515421,1e-08,DIFFERENCE,auroc,
primary_traceable_hospital_CI.csv,primary_traceable,source_trained__corrected_strict__harmonized_dynamic_vitals,valid_replicates,1000.0,1000.0,0.0,1e-08,match,auroc,
primary_traceable_hospital_CI.csv,primary_traceable,source_trained__corrected_strict__harmonized_dynamic_vitals,attempted_replicates,1000.0,1000.0,0.0,1e-08,match,auroc,
primary_traceable_hospital_CI.csv,primary_traceable,source_trained__corrected_strict__harmonized_dynamic_vitals,estimate,0.2368778521702265,0.2376149622782679,0.0007371101080413944,1e-08,DIFFERENCE,brier,
primary_traceable_hospital_CI.csv,primary_traceable,source_trained__corrected_strict__harmonized_dynamic_vitals,ci_low,0.2184145599981327,0.2193579100900409,0.0009433500919082127,1e-08,DIFFERENCE,brier,
primary_traceable_hospital_CI.csv,primary_traceable,source_trained__corrected_strict__harmonized_dynamic_vitals,ci_high,0.250612915965886,0.2513152699217326,0.000702353955846613,1e-08,DIFFERENCE,brier,
primary_traceable_hospital_CI.csv,primary_traceable,source_trained__corrected_strict__harmonized_dynamic_vitals,valid_replicates,1000.0,1000.0,0.0,1e-08,match,brier,
primary_traceable_hospital_CI.csv,primary_traceable,source_trained__corrected_strict__harmonized_dynamic_vitals,attempted_replicates,1000.0,1000.0,0.0,1e-08,match,brier,
primary_traceable_hospital_CI.csv,primary_traceable,source_trained__corrected_strict__harmonized_dynamic_vitals,estimate,-0.5643404915987179,-0.5704531870980963,-0.006112695499378429,1e-08,DIFFERENCE,calibration_intercept,
primary_traceable_hospital_CI.csv,primary_traceable,source_trained__corrected_strict__harmonized_dynamic_vitals,ci_low,-0.99408496708647,-0.996643870907857,-0.0025589038213870152,1e-08,DIFFERENCE,calibration_intercept,
primary_traceable_hospital_CI.csv,primary_traceable,source_trained__corrected_strict__harmonized_dynamic_vitals,ci_high,-0.3253489616475742,-0.3314723783843651,-0.006123416736790899,1e-08,DIFFERENCE,calibration_intercept,
primary_traceable_hospital_CI.csv,primary_traceable,source_trained__corrected_strict__harmonized_dynamic_vitals,valid_replicates,1000.0,1000.0,0.0,1e-08,match,calibration_intercept,
primary_traceable_hospital_CI.csv,primary_traceable,source_trained__corrected_strict__harmonized_dynamic_vitals,attempted_replicates,1000.0,1000.0,0.0,1e-08,match,calibration_intercept,
primary_traceable_hospital_CI.csv,primary_traceable,source_trained__corrected_strict__harmonized_dynamic_vitals,estimate,0.0868072104648065,0.0782755870520348,-0.008531623412771694,1e-08,DIFFERENCE,calibration_slope,
primary_traceable_hospital_CI.csv,primary_traceable,source_trained__corrected_strict__harmonized_dynamic_vitals,ci_low,-0.1570212165666391,-0.1646254927514284,-0.007604276184789316,1e-08,DIFFERENCE,calibration_slope,
primary_traceable_hospital_CI.csv,primary_traceable,source_trained__corrected_strict__harmonized_dynamic_vitals,ci_high,0.2269791861222121,0.2152866651177016,-0.011692521004510514,1e-08,DIFFERENCE,calibration_slope,
primary_traceable_hospital_CI.csv,primary_traceable,source_trained__corrected_strict__harmonized_dynamic_vitals,valid_replicates,1000.0,1000.0,0.0,1e-08,match,calibration_slope,
primary_traceable_hospital_CI.csv,primary_traceable,source_trained__corrected_strict__harmonized_dynamic_vitals,attempted_replicates,1000.0,1000.0,0.0,1e-08,match,calibration_slope,
primary_traceable_hospital_CI.csv,primary_traceable,source_trained__corrected_strict__harmonized_dynamic_vitals,estimate,0.351883290456158,0.353434131423359,0.0015508409672009837,1e-08,DIFFERENCE,mean_predicted_risk,
primary_traceable_hospital_CI.csv,primary_traceable,source_trained__corrected_strict__harmonized_dynamic_vitals,ci_low,0.3348812969865217,0.3362235493710833,0.001342252384561593,1e-08,DIFFERENCE,mean_predicted_risk,
primary_traceable_hospital_CI.csv,primary_traceable,source_trained__corrected_strict__harmonized_dynamic_vitals,ci_high,0.3623655655468825,0.3641463592515638,0.001780793704681316,1e-08,DIFFERENCE,mean_predicted_risk,
primary_traceable_hospital_CI.csv,primary_traceable,source_trained__corrected_strict__harmonized_dynamic_vitals,valid_replicates,1000.0,1000.0,0.0,1e-08,match,mean_predicted_risk,
primary_traceable_hospital_CI.csv,primary_traceable,source_trained__corrected_strict__harmonized_dynamic_vitals,attempted_replicates,1000.0,1000.0,0.0,1e-08,match,mean_predicted_risk,
primary_traceable_hospital_CI.csv,primary_traceable,source_trained__corrected_strict__harmonized_last_values,estimate,0.3262945976252157,0.3248974007814225,-0.0013971968437931914,1e-08,DIFFERENCE,auprc,
primary_traceable_hospital_CI.csv,primary_traceable,source_trained__corrected_strict__harmonized_last_values,ci_low,0.2490042371916463,0.2478296550353469,-0.0011745821562993974,1e-08,DIFFERENCE,auprc,
primary_traceable_hospital_CI.csv,primary_traceable,source_trained__corrected_strict__harmonized_last_values,ci_high,0.3876779647622646,0.3851216170829794,-0.0025563476792852535,1e-08,DIFFERENCE,auprc,
primary_traceable_hospital_CI.csv,primary_traceable,source_trained__corrected_strict__harmonized_last_values,valid_replicates,1000.0,1000.0,0.0,1e-08,match,auprc,
primary_traceable_hospital_CI.csv,primary_traceable,source_trained__corrected_strict__harmonized_last_values,attempted_replicates,1000.0,1000.0,0.0,1e-08,match,auprc,
primary_traceable_hospital_CI.csv,primary_traceable,source_trained__corrected_strict__harmonized_last_values,estimate,0.4672815688458402,0.4661807116291096,-0.0011008572167305886,1e-08,DIFFERENCE,auroc,
primary_traceable_hospital_CI.csv,primary_traceable,source_trained__corrected_strict__harmonized_last_values,ci_low,0.4244036254299653,0.423046293929168,-0.0013573315007973097,1e-08,DIFFERENCE,auroc,
primary_traceable_hospital_CI.csv,primary_traceable,source_trained__corrected_strict__harmonized_last_values,ci_high,0.4957590594044883,0.4943951279429385,-0.0013639314615497833,1e-08,DIFFERENCE,auroc,
primary_traceable_hospital_CI.csv,primary_traceable,source_trained__corrected_strict__harmonized_last_values,valid_replicates,1000.0,1000.0,0.0,1e-08,match,auroc,
primary_traceable_hospital_CI.csv,primary_traceable,source_trained__corrected_strict__harmonized_last_values,attempted_replicates,1000.0,1000.0,0.0,1e-08,match,auroc,
primary_traceable_hospital_CI.csv,primary_traceable,source_trained__corrected_strict__harmonized_last_values,estimate,0.240996175232232,0.2412791121040593,0.0002829368718273162,1e-08,DIFFERENCE,brier,
primary_traceable_hospital_CI.csv,primary_traceable,source_trained__corrected_strict__harmonized_last_values,ci_low,0.2282589724167404,0.2284616843582664,0.00020271194152599037,1e-08,DIFFERENCE,brier,
primary_traceable_hospital_CI.csv,primary_traceable,source_trained__corrected_strict__harmonized_last_values,ci_high,0.2512882704631436,0.2515519725844025,0.0002637021212588686,1e-08,DIFFERENCE,brier,
primary_traceable_hospital_CI.csv,primary_traceable,source_trained__corrected_strict__harmonized_last_values,valid_replicates,1000.0,1000.0,0.0,1e-08,match,brier,
primary_traceable_hospital_CI.csv,primary_traceable,source_trained__corrected_strict__harmonized_last_values,attempted_replicates,1000.0,1000.0,0.0,1e-08,match,brier,
primary_traceable_hospital_CI.csv,primary_traceable,source_trained__corrected_strict__harmonized_last_values,estimate,-0.6379834905565518,-0.637332491182032,0.000650999374519845,1e-08,DIFFERENCE,calibration_intercept,
primary_traceable_hospital_CI.csv,primary_traceable,source_trained__corrected_strict__harmonized_last_values,ci_low,-1.068024342929597,-1.067508096852839,0.0005162460767580423,1e-08,DIFFERENCE,calibration_intercept,
primary_traceable_hospital_CI.csv,primary_traceable,source_trained__corrected_strict__harmonized_last_values,ci_high,-0.3825178229502569,-0.381876432071344,0.0006413908789129064,1e-08,DIFFERENCE,calibration_intercept,
primary_traceable_hospital_CI.csv,primary_traceable,source_trained__corrected_strict__harmonized_last_values,valid_replicates,1000.0,1000.0,0.0,1e-08,match,calibration_intercept,
primary_traceable_hospital_CI.csv,primary_traceable,source_trained__corrected_strict__harmonized_last_values,attempted_replicates,1000.0,1000.0,0.0,1e-08,match,calibration_intercept,
primary_traceable_hospital_CI.csv,primary_traceable,source_trained__corrected_strict__harmonized_last_values,estimate,-0.0242820529883786,-0.0231069825965821,0.0011750703917964983,1e-08,DIFFERENCE,calibration_slope,
primary_traceable_hospital_CI.csv,primary_traceable,source_trained__corrected_strict__harmonized_last_values,ci_low,-0.3199501935903883,-0.3164420738542521,0.0035081197361361838,1e-08,DIFFERENCE,calibration_slope,
primary_traceable_hospital_CI.csv,primary_traceable,source_trained__corrected_strict__harmonized_last_values,ci_high,0.1214725479381004,0.1248751795157515,0.003402631577651097,1e-08,DIFFERENCE,calibration_slope,
primary_traceable_hospital_CI.csv,primary_traceable,source_trained__corrected_strict__harmonized_last_values,valid_replicates,1000.0,1000.0,0.0,1e-08,match,calibration_slope,
primary_traceable_hospital_CI.csv,primary_traceable,source_trained__corrected_strict__harmonized_last_values,attempted_replicates,1000.0,1000.0,0.0,1e-08,match,calibration_slope,
primary_traceable_hospital_CI.csv,primary_traceable,source_trained__corrected_strict__harmonized_last_values,estimate,0.3776698056009512,0.3776998969063351,3.0091305383894706e-05,1e-08,DIFFERENCE,mean_predicted_risk,
primary_traceable_hospital_CI.csv,primary_traceable,source_trained__corrected_strict__harmonized_last_values,ci_low,0.3707896165877826,0.3707433435464991,-4.627304128346221e-05,1e-08,DIFFERENCE,mean_predicted_risk,
primary_traceable_hospital_CI.csv,primary_traceable,source_trained__corrected_strict__harmonized_last_values,ci_high,0.3840222719945441,0.3838826371423798,-0.00013963485216428317,1e-08,DIFFERENCE,mean_predicted_risk,
primary_traceable_hospital_CI.csv,primary_traceable,source_trained__corrected_strict__harmonized_last_values,valid_replicates,1000.0,1000.0,0.0,1e-08,match,mean_predicted_risk,
primary_traceable_hospital_CI.csv,primary_traceable,source_trained__corrected_strict__harmonized_last_values,attempted_replicates,1000.0,1000.0,0.0,1e-08,match,mean_predicted_risk,
primary_traceable_hospital_CI.csv,primary_traceable,target_native__harmonized_dynamic_vitals,estimate,0.4791114449573424,0.4790027564313084,-0.00010868852603401757,1e-08,DIFFERENCE,auprc,
primary_traceable_hospital_CI.csv,primary_traceable,target_native__harmonized_dynamic_vitals,ci_low,0.4047170142432575,0.405006410745991,0.0002893965027334633,1e-08,DIFFERENCE,auprc,
primary_traceable_hospital_CI.csv,primary_traceable,target_native__harmonized_dynamic_vitals,ci_high,0.5282232076899185,0.5287418241849832,0.0005186164950646832,1e-08,DIFFERENCE,auprc,
primary_traceable_hospital_CI.csv,primary_traceable,target_native__harmonized_dynamic_vitals,valid_replicates,1000.0,1000.0,0.0,1e-08,match,auprc,
primary_traceable_hospital_CI.csv,primary_traceable,target_native__harmonized_dynamic_vitals,attempted_replicates,1000.0,1000.0,0.0,1e-08,match,auprc,
primary_traceable_hospital_CI.csv,primary_traceable,target_native__harmonized_dynamic_vitals,estimate,0.6293412756816962,0.6294655820521491,0.00012430637045290904,1e-08,DIFFERENCE,auroc,
primary_traceable_hospital_CI.csv,primary_traceable,target_native__harmonized_dynamic_vitals,ci_low,0.5924458204577072,0.5927782140437089,0.000332393586001678,1e-08,DIFFERENCE,auroc,
primary_traceable_hospital_CI.csv,primary_traceable,target_native__harmonized_dynamic_vitals,ci_high,0.6548735228417255,0.6550850005584639,0.0002114777167383508,1e-08,DIFFERENCE,auroc,
primary_traceable_hospital_CI.csv,primary_traceable,target_native__harmonized_dynamic_vitals,valid_replicates,1000.0,1000.0,0.0,1e-08,match,auroc,
primary_traceable_hospital_CI.csv,primary_traceable,target_native__harmonized_dynamic_vitals,attempted_replicates,1000.0,1000.0,0.0,1e-08,match,auroc,
primary_traceable_hospital_CI.csv,primary_traceable,target_native__harmonized_dynamic_vitals,estimate,0.2159457887414958,0.2159215032542064,-2.428548728941604e-05,1e-08,DIFFERENCE,brier,
primary_traceable_hospital_CI.csv,primary_traceable,target_native__harmonized_dynamic_vitals,ci_low,0.1972217077915796,0.1971954751258885,-2.62326656911005e-05,1e-08,DIFFERENCE,brier,
primary_traceable_hospital_CI.csv,primary_traceable,target_native__harmonized_dynamic_vitals,ci_high,0.2295531223871239,0.2295215177261195,-3.160466100438075e-05,1e-08,DIFFERENCE,brier,
primary_traceable_hospital_CI.csv,primary_traceable,target_native__harmonized_dynamic_vitals,valid_replicates,1000.0,1000.0,0.0,1e-08,match,brier,
primary_traceable_hospital_CI.csv,primary_traceable,target_native__harmonized_dynamic_vitals,attempted_replicates,1000.0,1000.0,0.0,1e-08,match,brier,
primary_traceable_hospital_CI.csv,primary_traceable,target_native__harmonized_dynamic_vitals,estimate,-0.1469664634598125,-0.1461419887247955,0.0008244747350170112,1e-08,DIFFERENCE,calibration_intercept,
primary_traceable_hospital_CI.csv,primary_traceable,target_native__harmonized_dynamic_vitals,ci_low,-0.4167947089494907,-0.4175054158466801,-0.0007107068971893837,1e-08,DIFFERENCE,calibration_intercept,
primary_traceable_hospital_CI.csv,primary_traceable,target_native__harmonized_dynamic_vitals,ci_high,0.0046175271114368,0.0056617077508281,0.0010441806393913008,1e-08,DIFFERENCE,calibration_intercept,
primary_traceable_hospital_CI.csv,primary_traceable,target_native__harmonized_dynamic_vitals,valid_replicates,999.0,1000.0,1.0,1e-08,DIFFERENCE,calibration_intercept,
primary_traceable_hospital_CI.csv,primary_traceable,target_native__harmonized_dynamic_vitals,attempted_replicates,1000.0,1000.0,0.0,1e-08,match,calibration_intercept,
primary_traceable_hospital_CI.csv,primary_traceable,target_native__harmonized_dynamic_vitals,estimate,0.866414080283694,0.8676667043512981,0.001252624067604069,1e-08,DIFFERENCE,calibration_slope,
primary_traceable_hospital_CI.csv,primary_traceable,target_native__harmonized_dynamic_vitals,ci_low,0.6487327146139696,0.6507761570653139,0.002043442451344246,1e-08,DIFFERENCE,calibration_slope,
primary_traceable_hospital_CI.csv,primary_traceable,target_native__harmonized_dynamic_vitals,ci_high,1.0345029426831465,1.0359245373133157,0.0014215946301692206,1e-08,DIFFERENCE,calibration_slope,
primary_traceable_hospital_CI.csv,primary_traceable,target_native__harmonized_dynamic_vitals,valid_replicates,999.0,1000.0,1.0,1e-08,DIFFERENCE,calibration_slope,
primary_traceable_hospital_CI.csv,primary_traceable,target_native__harmonized_dynamic_vitals,attempted_replicates,1000.0,1000.0,0.0,1e-08,match,calibration_slope,
primary_traceable_hospital_CI.csv,primary_traceable,target_native__harmonized_dynamic_vitals,estimate,0.3660923593607413,0.3660443981136269,-4.796124711442529e-05,1e-08,DIFFERENCE,mean_predicted_risk,
primary_traceable_hospital_CI.csv,primary_traceable,target_native__harmonized_dynamic_vitals,ci_low,0.3455680625196428,0.3455176760487182,-5.0386470924590476e-05,1e-08,DIFFERENCE,mean_predicted_risk,
primary_traceable_hospital_CI.csv,primary_traceable,target_native__harmonized_dynamic_vitals,ci_high,0.3817729152577425,0.3816945299125573,-7.838534518517237e-05,1e-08,DIFFERENCE,mean_predicted_risk,
primary_traceable_hospital_CI.csv,primary_traceable,target_native__harmonized_dynamic_vitals,valid_replicates,1000.0,1000.0,0.0,1e-08,match,mean_predicted_risk,
primary_traceable_hospital_CI.csv,primary_traceable,target_native__harmonized_dynamic_vitals,attempted_replicates,1000.0,1000.0,0.0,1e-08,match,mean_predicted_risk,
primary_traceable_hospital_CI.csv,primary_traceable,target_native__harmonized_last_values,estimate,0.4639928113806456,0.4639928113806456,0.0,1e-08,match,auprc,
primary_traceable_hospital_CI.csv,primary_traceable,target_native__harmonized_last_values,ci_low,0.4078063648883052,0.4078063648883052,0.0,1e-08,match,auprc,
primary_traceable_hospital_CI.csv,primary_traceable,target_native__harmonized_last_values,ci_high,0.5133575286158456,0.5133575286158456,0.0,1e-08,match,auprc,
primary_traceable_hospital_CI.csv,primary_traceable,target_native__harmonized_last_values,valid_replicates,1000.0,1000.0,0.0,1e-08,match,auprc,
primary_traceable_hospital_CI.csv,primary_traceable,target_native__harmonized_last_values,attempted_replicates,1000.0,1000.0,0.0,1e-08,match,auprc,
primary_traceable_hospital_CI.csv,primary_traceable,target_native__harmonized_last_values,estimate,0.6116818154696791,0.6116818154696791,0.0,1e-08,match,auroc,
primary_traceable_hospital_CI.csv,primary_traceable,target_native__harmonized_last_values,ci_low,0.5832171289138466,0.5832171289138466,0.0,1e-08,match,auroc,
primary_traceable_hospital_CI.csv,primary_traceable,target_native__harmonized_last_values,ci_high,0.6483495604390381,0.6483495604390381,0.0,1e-08,match,auroc,
primary_traceable_hospital_CI.csv,primary_traceable,target_native__harmonized_last_values,valid_replicates,1000.0,1000.0,0.0,1e-08,match,auroc,
primary_traceable_hospital_CI.csv,primary_traceable,target_native__harmonized_last_values,attempted_replicates,1000.0,1000.0,0.0,1e-08,match,auroc,
primary_traceable_hospital_CI.csv,primary_traceable,target_native__harmonized_last_values,estimate,0.2193421588386196,0.2193421588386196,0.0,1e-08,match,brier,
primary_traceable_hospital_CI.csv,primary_traceable,target_native__harmonized_last_values,ci_low,0.2006433695416591,0.2006433695416591,0.0,1e-08,match,brier,
primary_traceable_hospital_CI.csv,primary_traceable,target_native__harmonized_last_values,ci_high,0.2323879215907797,0.2323879215907797,0.0,1e-08,match,brier,
primary_traceable_hospital_CI.csv,primary_traceable,target_native__harmonized_last_values,valid_replicates,1000.0,1000.0,0.0,1e-08,match,brier,
primary_traceable_hospital_CI.csv,primary_traceable,target_native__harmonized_last_values,attempted_replicates,1000.0,1000.0,0.0,1e-08,match,brier,
primary_traceable_hospital_CI.csv,primary_traceable,target_native__harmonized_last_values,estimate,-0.1226751243155299,-0.1226751243155299,0.0,1e-08,match,calibration_intercept,
primary_traceable_hospital_CI.csv,primary_traceable,target_native__harmonized_last_values,ci_low,-0.3878763237124092,-0.3878763237124092,0.0,1e-08,match,calibration_intercept,
primary_traceable_hospital_CI.csv,primary_traceable,target_native__harmonized_last_values,ci_high,0.0476048331804127,0.0476048331804127,0.0,1e-08,match,calibration_intercept,
primary_traceable_hospital_CI.csv,primary_traceable,target_native__harmonized_last_values,valid_replicates,1000.0,1000.0,0.0,1e-08,match,calibration_intercept,
primary_traceable_hospital_CI.csv,primary_traceable,target_native__harmonized_last_values,attempted_replicates,1000.0,1000.0,0.0,1e-08,match,calibration_intercept,
primary_traceable_hospital_CI.csv,primary_traceable,target_native__harmonized_last_values,estimate,0.9855131258851456,0.9855131258851456,0.0,1e-08,match,calibration_slope,
primary_traceable_hospital_CI.csv,primary_traceable,target_native__harmonized_last_values,ci_low,0.7275178545024547,0.7275178545024547,0.0,1e-08,match,calibration_slope,
primary_traceable_hospital_CI.csv,primary_traceable,target_native__harmonized_last_values,ci_high,1.3319908701861989,1.3319908701861989,0.0,1e-08,match,calibration_slope,
primary_traceable_hospital_CI.csv,primary_traceable,target_native__harmonized_last_values,valid_replicates,1000.0,1000.0,0.0,1e-08,match,calibration_slope,
primary_traceable_hospital_CI.csv,primary_traceable,target_native__harmonized_last_values,attempted_replicates,1000.0,1000.0,0.0,1e-08,match,calibration_slope,
primary_traceable_hospital_CI.csv,primary_traceable,target_native__harmonized_last_values,estimate,0.3745858118055489,0.3745858118055489,0.0,1e-08,match,mean_predicted_risk,
primary_traceable_hospital_CI.csv,primary_traceable,target_native__harmonized_last_values,ci_low,0.3681427349009861,0.3681427349009861,0.0,1e-08,match,mean_predicted_risk,
primary_traceable_hospital_CI.csv,primary_traceable,target_native__harmonized_last_values,ci_high,0.3851414435751089,0.3851414435751089,0.0,1e-08,match,mean_predicted_risk,
primary_traceable_hospital_CI.csv,primary_traceable,target_native__harmonized_last_values,valid_replicates,1000.0,1000.0,0.0,1e-08,match,mean_predicted_risk,
primary_traceable_hospital_CI.csv,primary_traceable,target_native__harmonized_last_values,attempted_replicates,1000.0,1000.0,0.0,1e-08,match,mean_predicted_risk,
primary_traceable_hospital_CI.csv,primary_traceable,target_native_refit,estimate,0.4725976799383783,0.4725743998520904,-2.3280086287935653e-05,1e-08,DIFFERENCE,auprc,
primary_traceable_hospital_CI.csv,primary_traceable,target_native_refit,ci_low,0.4029406859665671,0.4028707719967112,-6.991396985595033e-05,1e-08,DIFFERENCE,auprc,
primary_traceable_hospital_CI.csv,primary_traceable,target_native_refit,ci_high,0.5243688560636717,0.5244850879679333,0.0001162319042615767,1e-08,DIFFERENCE,auprc,
primary_traceable_hospital_CI.csv,primary_traceable,target_native_refit,valid_replicates,1000.0,1000.0,0.0,1e-08,match,auprc,
primary_traceable_hospital_CI.csv,primary_traceable,target_native_refit,attempted_replicates,1000.0,1000.0,0.0,1e-08,match,auprc,
primary_traceable_hospital_CI.csv,primary_traceable,target_native_refit,estimate,0.6324300403747092,0.6324499293939815,1.9889019272301134e-05,1e-08,DIFFERENCE,auroc,
primary_traceable_hospital_CI.csv,primary_traceable,target_native_refit,ci_low,0.5997015071323818,0.599727880415101,2.637328271914985e-05,1e-08,DIFFERENCE,auroc,
primary_traceable_hospital_CI.csv,primary_traceable,target_native_refit,ci_high,0.6579750007053425,0.6580075046924674,3.250398712484337e-05,1e-08,DIFFERENCE,auroc,
primary_traceable_hospital_CI.csv,primary_traceable,target_native_refit,valid_replicates,1000.0,1000.0,0.0,1e-08,match,auroc,
primary_traceable_hospital_CI.csv,primary_traceable,target_native_refit,attempted_replicates,1000.0,1000.0,0.0,1e-08,match,auroc,
primary_traceable_hospital_CI.csv,primary_traceable,target_native_refit,estimate,0.2155669600771221,0.2155744718226065,7.511745484412025e-06,1e-08,DIFFERENCE,brier,
primary_traceable_hospital_CI.csv,primary_traceable,target_native_refit,ci_low,0.1947110076947298,0.194723929796053,1.2922101323198376e-05,1e-08,DIFFERENCE,brier,
primary_traceable_hospital_CI.csv,primary_traceable,target_native_refit,ci_high,0.2306461945485902,0.2306624978561755,1.630330758531362e-05,1e-08,DIFFERENCE,brier,
primary_traceable_hospital_CI.csv,primary_traceable,target_native_refit,valid_replicates,1000.0,1000.0,0.0,1e-08,match,brier,
primary_traceable_hospital_CI.csv,primary_traceable,target_native_refit,attempted_replicates,1000.0,1000.0,0.0,1e-08,match,brier,
primary_traceable_hospital_CI.csv,primary_traceable,target_native_refit,estimate,-0.1214704501260513,-0.1216197892546506,-0.0001493391285992962,1e-08,DIFFERENCE,calibration_intercept,
primary_traceable_hospital_CI.csv,primary_traceable,target_native_refit,ci_low,-0.4225746513923437,-0.4227600415874606,-0.0001853901951169301,1e-08,DIFFERENCE,calibration_intercept,
primary_traceable_hospital_CI.csv,primary_traceable,target_native_refit,ci_high,0.0424022341333595,0.0423021227761351,-0.00010011135722440279,1e-08,DIFFERENCE,calibration_intercept,
primary_traceable_hospital_CI.csv,primary_traceable,target_native_refit,valid_replicates,1000.0,1000.0,0.0,1e-08,match,calibration_intercept,
primary_traceable_hospital_CI.csv,primary_traceable,target_native_refit,attempted_replicates,1000.0,1000.0,0.0,1e-08,match,calibration_intercept,
primary_traceable_hospital_CI.csv,primary_traceable,target_native_refit,estimate,0.8349359901582046,0.8346827489624844,-0.00025324119572023296,1e-08,DIFFERENCE,calibration_slope,
primary_traceable_hospital_CI.csv,primary_traceable,target_native_refit,ci_low,0.6241236393162504,0.6236697343973198,-0.00045390491893060325,1e-08,DIFFERENCE,calibration_slope,
primary_traceable_hospital_CI.csv,primary_traceable,target_native_refit,ci_high,0.982125507130295,0.9813299225546976,-0.0007955845755973634,1e-08,DIFFERENCE,calibration_slope,
primary_traceable_hospital_CI.csv,primary_traceable,target_native_refit,valid_replicates,1000.0,1000.0,0.0,1e-08,match,calibration_slope,
primary_traceable_hospital_CI.csv,primary_traceable,target_native_refit,attempted_replicates,1000.0,1000.0,0.0,1e-08,match,calibration_slope,
primary_traceable_hospital_CI.csv,primary_traceable,target_native_refit,estimate,0.355500717181781,0.3555048770313861,4.159849605112065e-06,1e-08,DIFFERENCE,mean_predicted_risk,
primary_traceable_hospital_CI.csv,primary_traceable,target_native_refit,ci_low,0.3288127227739142,0.3288075508935006,-5.171880413601393e-06,1e-08,DIFFERENCE,mean_predicted_risk,
primary_traceable_hospital_CI.csv,primary_traceable,target_native_refit,ci_high,0.3759246945744972,0.3759372916679103,1.2597093413113658e-05,1e-08,DIFFERENCE,mean_predicted_risk,
primary_traceable_hospital_CI.csv,primary_traceable,target_native_refit,valid_replicates,1000.0,1000.0,0.0,1e-08,match,mean_predicted_risk,
primary_traceable_hospital_CI.csv,primary_traceable,target_native_refit,attempted_replicates,1000.0,1000.0,0.0,1e-08,match,mean_predicted_risk,
primary_traceable_paired_differences.csv,primary_traceable,corrected_primary_source_intercept_recalibrated,estimate,5.551115123125783e-17,0.0,-5.551115123125783e-17,1e-08,match,auprc,corrected_primary_source_raw
primary_traceable_paired_differences.csv,primary_traceable,corrected_primary_source_intercept_recalibrated,ci_low,-5.551115123125783e-17,-5.551115123125783e-17,0.0,1e-08,match,auprc,corrected_primary_source_raw
primary_traceable_paired_differences.csv,primary_traceable,corrected_primary_source_intercept_recalibrated,ci_high,5.551115123125783e-17,5.551115123125783e-17,0.0,1e-08,match,auprc,corrected_primary_source_raw
primary_traceable_paired_differences.csv,primary_traceable,corrected_primary_source_intercept_recalibrated,valid_replicates,1000.0,1000.0,0.0,1e-08,match,auprc,corrected_primary_source_raw
primary_traceable_paired_differences.csv,primary_traceable,corrected_primary_source_intercept_recalibrated,estimate,0.0,0.0,0.0,1e-08,match,auroc,corrected_primary_source_raw
primary_traceable_paired_differences.csv,primary_traceable,corrected_primary_source_intercept_recalibrated,ci_low,0.0,0.0,0.0,1e-08,match,auroc,corrected_primary_source_raw
primary_traceable_paired_differences.csv,primary_traceable,corrected_primary_source_intercept_recalibrated,ci_high,0.0,0.0,0.0,1e-08,match,auroc,corrected_primary_source_raw
primary_traceable_paired_differences.csv,primary_traceable,corrected_primary_source_intercept_recalibrated,valid_replicates,1000.0,1000.0,0.0,1e-08,match,auroc,corrected_primary_source_raw
primary_traceable_paired_differences.csv,primary_traceable,corrected_primary_source_intercept_recalibrated,estimate,-0.1261451494182355,-0.1260839344837336,6.121493450192417e-05,1e-08,DIFFERENCE,brier,corrected_primary_source_raw
primary_traceable_paired_differences.csv,primary_traceable,corrected_primary_source_intercept_recalibrated,ci_low,-0.1518786539015403,-0.1513039673149963,0.0005746865865439987,1e-08,DIFFERENCE,brier,corrected_primary_source_raw
primary_traceable_paired_differences.csv,primary_traceable,corrected_primary_source_intercept_recalibrated,ci_high,-0.0797874632163976,-0.0796914805701856,9.598264621199504e-05,1e-08,DIFFERENCE,brier,corrected_primary_source_raw
primary_traceable_paired_differences.csv,primary_traceable,corrected_primary_source_intercept_recalibrated,valid_replicates,1000.0,1000.0,0.0,1e-08,match,brier,corrected_primary_source_raw
primary_traceable_paired_differences.csv,primary_traceable,corrected_primary_source_intercept_recalibrated,estimate,0.1664438312131555,0.1642574909287932,-0.0021863402843623203,1e-08,DIFFERENCE,calibration_intercept,corrected_primary_source_raw
primary_traceable_paired_differences.csv,primary_traceable,corrected_primary_source_intercept_recalibrated,ci_low,-0.0469559149464399,-0.0472993752914234,-0.0003434603449834969,1e-08,DIFFERENCE,calibration_intercept,corrected_primary_source_raw
primary_traceable_paired_differences.csv,primary_traceable,corrected_primary_source_intercept_recalibrated,ci_high,0.3479794292472902,0.3449342863644988,-0.0030451428827913962,1e-08,DIFFERENCE,calibration_intercept,corrected_primary_source_raw
primary_traceable_paired_differences.csv,primary_traceable,corrected_primary_source_intercept_recalibrated,valid_replicates,997.0,999.0,2.0,1e-08,DIFFERENCE,calibration_intercept,corrected_primary_source_raw
primary_traceable_paired_differences.csv,primary_traceable,corrected_primary_source_intercept_recalibrated,estimate,-0.0001961599781693,-0.0001921521641574,4.007814011900004e-06,1e-08,DIFFERENCE,calibration_slope,corrected_primary_source_raw
primary_traceable_paired_differences.csv,primary_traceable,corrected_primary_source_intercept_recalibrated,ci_low,-0.0017682397943163,-0.001756933445981,1.1306348335300047e-05,1e-08,DIFFERENCE,calibration_slope,corrected_primary_source_raw
primary_traceable_paired_differences.csv,primary_traceable,corrected_primary_source_intercept_recalibrated,ci_high,0.0002234970791052,0.0002291481334569,5.6510543516999974e-06,1e-08,DIFFERENCE,calibration_slope,corrected_primary_source_raw
primary_traceable_paired_differences.csv,primary_traceable,corrected_primary_source_intercept_recalibrated,valid_replicates,997.0,999.0,2.0,1e-08,DIFFERENCE,calibration_slope,corrected_primary_source_raw
primary_traceable_paired_differences.csv,primary_traceable,corrected_primary_source_intercept_recalibrated,estimate,-0.2358271011793388,-0.2354862777845399,0.0003408233947989059,1e-08,DIFFERENCE,mean_predicted_risk,corrected_primary_source_raw
primary_traceable_paired_differences.csv,primary_traceable,corrected_primary_source_intercept_recalibrated,ci_low,-0.2762588001891199,-0.2756658524859966,0.0005929477031232921,1e-08,DIFFERENCE,mean_predicted_risk,corrected_primary_source_raw
primary_traceable_paired_differences.csv,primary_traceable,corrected_primary_source_intercept_recalibrated,ci_high,-0.2141850494164372,-0.2139045931272137,0.0002804562892235185,1e-08,DIFFERENCE,mean_predicted_risk,corrected_primary_source_raw
primary_traceable_paired_differences.csv,primary_traceable,corrected_primary_source_intercept_recalibrated,valid_replicates,1000.0,1000.0,0.0,1e-08,match,mean_predicted_risk,corrected_primary_source_raw
primary_traceable_paired_differences.csv,primary_traceable,corrected_primary_source_logistic_recalibrated,estimate,-0.0049637742932147,-0.0058133043611177,-0.0008495300679030003,1e-08,DIFFERENCE,auprc,corrected_primary_source_raw
primary_traceable_paired_differences.csv,primary_traceable,corrected_primary_source_logistic_recalibrated,ci_low,-0.0520718516902559,-0.0518594548248546,0.00021239686540130281,1e-08,DIFFERENCE,auprc,corrected_primary_source_raw
primary_traceable_paired_differences.csv,primary_traceable,corrected_primary_source_logistic_recalibrated,ci_high,0.0482901509368567,0.0475804837027224,-0.0007096672341342994,1e-08,DIFFERENCE,auprc,corrected_primary_source_raw
primary_traceable_paired_differences.csv,primary_traceable,corrected_primary_source_logistic_recalibrated,valid_replicates,1000.0,1000.0,0.0,1e-08,match,auprc,corrected_primary_source_raw
primary_traceable_paired_differences.csv,primary_traceable,corrected_primary_source_logistic_recalibrated,estimate,-0.0079436742974206,-0.0090176813381331,-0.0010740070407124994,1e-08,DIFFERENCE,auroc,corrected_primary_source_raw
primary_traceable_paired_differences.csv,primary_traceable,corrected_primary_source_logistic_recalibrated,ci_low,-0.0764856290342223,-0.0773300145343475,-0.0008443855001251943,1e-08,DIFFERENCE,auroc,corrected_primary_source_raw
primary_traceable_paired_differences.csv,primary_traceable,corrected_primary_source_logistic_recalibrated,ci_high,0.0743862037046348,0.0738608793564443,-0.0005253243481905118,1e-08,DIFFERENCE,auroc,corrected_primary_source_raw
primary_traceable_paired_differences.csv,primary_traceable,corrected_primary_source_logistic_recalibrated,valid_replicates,1000.0,1000.0,0.0,1e-08,match,auroc,corrected_primary_source_raw
primary_traceable_paired_differences.csv,primary_traceable,corrected_primary_source_logistic_recalibrated,estimate,-0.2930118785504397,-0.29218736154358,0.0008245170068597041,1e-08,DIFFERENCE,brier,corrected_primary_source_raw
primary_traceable_paired_differences.csv,primary_traceable,corrected_primary_source_logistic_recalibrated,ci_low,-0.3418617898023961,-0.3409758698969659,0.0008859199054302436,1e-08,DIFFERENCE,brier,corrected_primary_source_raw
primary_traceable_paired_differences.csv,primary_traceable,corrected_primary_source_logistic_recalibrated,ci_high,-0.2251286913070722,-0.2244134010768621,0.0007152902302100805,1e-08,DIFFERENCE,brier,corrected_primary_source_raw
primary_traceable_paired_differences.csv,primary_traceable,corrected_primary_source_logistic_recalibrated,valid_replicates,1000.0,1000.0,0.0,1e-08,match,brier,corrected_primary_source_raw
primary_traceable_paired_differences.csv,primary_traceable,corrected_primary_source_logistic_recalibrated,estimate,-3.535540164605604,-3.5733649378599,-0.03782477325429623,1e-08,DIFFERENCE,calibration_intercept,corrected_primary_source_raw
primary_traceable_paired_differences.csv,primary_traceable,corrected_primary_source_logistic_recalibrated,ci_low,-7.382465745948241,-7.500620043622638,-0.11815429767439678,1e-08,DIFFERENCE,calibration_intercept,corrected_primary_source_raw
primary_traceable_paired_differences.csv,primary_traceable,corrected_primary_source_logistic_recalibrated,ci_high,0.9684452255011832,0.9843037264267516,0.015858500925568397,1e-08,DIFFERENCE,calibration_intercept,corrected_primary_source_raw
primary_traceable_paired_differences.csv,primary_traceable,corrected_primary_source_logistic_recalibrated,valid_replicates,1000.0,1000.0,0.0,1e-08,match,calibration_intercept,corrected_primary_source_raw
primary_traceable_paired_differences.csv,primary_traceable,corrected_primary_source_logistic_recalibrated,estimate,-5.721218109693471,-5.779222137725927,-0.058004028032456745,1e-08,DIFFERENCE,calibration_slope,corrected_primary_source_raw
primary_traceable_paired_differences.csv,primary_traceable,corrected_primary_source_logistic_recalibrated,ci_low,-11.946321714089196,-12.130793760140849,-0.18447204605165268,1e-08,DIFFERENCE,calibration_slope,corrected_primary_source_raw
primary_traceable_paired_differences.csv,primary_traceable,corrected_primary_source_logistic_recalibrated,ci_high,1.5671399013503942,1.591919570574594,0.02477966922419994,1e-08,DIFFERENCE,calibration_slope,corrected_primary_source_raw
primary_traceable_paired_differences.csv,primary_traceable,corrected_primary_source_logistic_recalibrated,valid_replicates,1000.0,1000.0,0.0,1e-08,match,calibration_slope,corrected_primary_source_raw
primary_traceable_paired_differences.csv,primary_traceable,corrected_primary_source_logistic_recalibrated,estimate,-0.4837581849751899,-0.4826220425118224,0.0011361424633675177,1e-08,DIFFERENCE,mean_predicted_risk,corrected_primary_source_raw
primary_traceable_paired_differences.csv,primary_traceable,corrected_primary_source_logistic_recalibrated,ci_low,-0.5697661560698086,-0.5685370440656221,0.0012291120041865167,1e-08,DIFFERENCE,mean_predicted_risk,corrected_primary_source_raw
primary_traceable_paired_differences.csv,primary_traceable,corrected_primary_source_logistic_recalibrated,ci_high,-0.3260152871496222,-0.3249829671061723,0.0010323200434498858,1e-08,DIFFERENCE,mean_predicted_risk,corrected_primary_source_raw
primary_traceable_paired_differences.csv,primary_traceable,corrected_primary_source_logistic_recalibrated,valid_replicates,1000.0,1000.0,0.0,1e-08,match,mean_predicted_risk,corrected_primary_source_raw
primary_traceable_paired_differences.csv,primary_traceable,corrected_strict_source_intercept_recalibrated,estimate,-0.000290189820652,-0.0009169531440644,-0.0006267633234124,1e-08,DIFFERENCE,auprc,corrected_primary_source_raw
primary_traceable_paired_differences.csv,primary_traceable,corrected_strict_source_intercept_recalibrated,ci_low,-0.0017104680298795,-0.0022453548864943,-0.0005348868566148,1e-08,DIFFERENCE,auprc,corrected_primary_source_raw
primary_traceable_paired_differences.csv,primary_traceable,corrected_strict_source_intercept_recalibrated,ci_high,0.0008715405860922,0.0004629874692491,-0.0004085531168431,1e-08,DIFFERENCE,auprc,corrected_primary_source_raw
primary_traceable_paired_differences.csv,primary_traceable,corrected_strict_source_intercept_recalibrated,valid_replicates,1000.0,1000.0,0.0,1e-08,match,auprc,corrected_primary_source_raw
primary_traceable_paired_differences.csv,primary_traceable,corrected_strict_source_intercept_recalibrated,estimate,0.0001372342329798,-0.0001988901927244,-0.0003361244257042,1e-08,DIFFERENCE,auroc,corrected_primary_source_raw
primary_traceable_paired_differences.csv,primary_traceable,corrected_strict_source_intercept_recalibrated,ci_low,-0.000647236315865,-0.0009328469511861,-0.00028561063532110003,1e-08,DIFFERENCE,auroc,corrected_primary_source_raw
primary_traceable_paired_differences.csv,primary_traceable,corrected_strict_source_intercept_recalibrated,ci_high,0.0007493017835681,0.0005759988524323,-0.00017330293113580004,1e-08,DIFFERENCE,auroc,corrected_primary_source_raw
primary_traceable_paired_differences.csv,primary_traceable,corrected_strict_source_intercept_recalibrated,valid_replicates,1000.0,1000.0,0.0,1e-08,match,auroc,corrected_primary_source_raw
primary_traceable_paired_differences.csv,primary_traceable,corrected_strict_source_intercept_recalibrated,estimate,-0.1274877655561507,-0.1261687680900879,0.0013189974660628156,1e-08,DIFFERENCE,brier,corrected_primary_source_raw
primary_traceable_paired_differences.csv,primary_traceable,corrected_strict_source_intercept_recalibrated,ci_low,-0.1538185004730926,-0.1518161176108608,0.002002382862231783,1e-08,DIFFERENCE,brier,corrected_primary_source_raw
primary_traceable_paired_differences.csv,primary_traceable,corrected_strict_source_intercept_recalibrated,ci_high,-0.0803234722044344,-0.0794972781435313,0.0008261940609031043,1e-08,DIFFERENCE,brier,corrected_primary_source_raw
primary_traceable_paired_differences.csv,primary_traceable,corrected_strict_source_intercept_recalibrated,valid_replicates,1000.0,1000.0,0.0,1e-08,match,brier,corrected_primary_source_raw
primary_traceable_paired_differences.csv,primary_traceable,corrected_strict_source_intercept_recalibrated,estimate,0.1665055735955181,0.1646991528616783,-0.0018064207338397975,1e-08,DIFFERENCE,calibration_intercept,corrected_primary_source_raw
primary_traceable_paired_differences.csv,primary_traceable,corrected_strict_source_intercept_recalibrated,ci_low,-0.0463687746481028,-0.0461838237637472,0.00018495088435559887,1e-08,DIFFERENCE,calibration_intercept,corrected_primary_source_raw
primary_traceable_paired_differences.csv,primary_traceable,corrected_strict_source_intercept_recalibrated,ci_high,0.3479718131835634,0.3460781407816511,-0.0018936724019122941,1e-08,DIFFERENCE,calibration_intercept,corrected_primary_source_raw
primary_traceable_paired_differences.csv,primary_traceable,corrected_strict_source_intercept_recalibrated,valid_replicates,999.0,997.0,-2.0,1e-08,DIFFERENCE,calibration_intercept,corrected_primary_source_raw
primary_traceable_paired_differences.csv,primary_traceable,corrected_strict_source_intercept_recalibrated,estimate,0.0008394489180368,0.0002114315860954,-0.0006280173319414,1e-08,DIFFERENCE,calibration_slope,corrected_primary_source_raw
primary_traceable_paired_differences.csv,primary_traceable,corrected_strict_source_intercept_recalibrated,ci_low,-0.0013089523759118,-0.0014191557294211,-0.00011020335350930008,1e-08,DIFFERENCE,calibration_slope,corrected_primary_source_raw
primary_traceable_paired_differences.csv,primary_traceable,corrected_strict_source_intercept_recalibrated,ci_high,0.0020495963198402,0.0012962583305091,-0.0007533379893311003,1e-08,DIFFERENCE,calibration_slope,corrected_primary_source_raw
primary_traceable_paired_differences.csv,primary_traceable,corrected_strict_source_intercept_recalibrated,valid_replicates,999.0,997.0,-2.0,1e-08,DIFFERENCE,calibration_slope,corrected_primary_source_raw
primary_traceable_paired_differences.csv,primary_traceable,corrected_strict_source_intercept_recalibrated,estimate,-0.2362337488466035,-0.2348143090862332,0.001419439760370289,1e-08,DIFFERENCE,mean_predicted_risk,corrected_primary_source_raw
primary_traceable_paired_differences.csv,primary_traceable,corrected_strict_source_intercept_recalibrated,ci_low,-0.2755146367435322,-0.2747358690918199,0.0007787676517123088,1e-08,DIFFERENCE,mean_predicted_risk,corrected_primary_source_raw
primary_traceable_paired_differences.csv,primary_traceable,corrected_strict_source_intercept_recalibrated,ci_high,-0.2152903393133347,-0.2135285068306636,0.0017618324826710885,1e-08,DIFFERENCE,mean_predicted_risk,corrected_primary_source_raw
primary_traceable_paired_differences.csv,primary_traceable,corrected_strict_source_intercept_recalibrated,valid_replicates,1000.0,1000.0,0.0,1e-08,match,mean_predicted_risk,corrected_primary_source_raw
primary_traceable_paired_differences.csv,primary_traceable,corrected_strict_source_logistic_recalibrated,estimate,-0.0050356462998648,-0.0055831085979127,-0.0005474622980479,1e-08,DIFFERENCE,auprc,corrected_primary_source_raw
primary_traceable_paired_differences.csv,primary_traceable,corrected_strict_source_logistic_recalibrated,ci_low,-0.0521492278469788,-0.0514372826044855,0.0007119452424933018,1e-08,DIFFERENCE,auprc,corrected_primary_source_raw
primary_traceable_paired_differences.csv,primary_traceable,corrected_strict_source_logistic_recalibrated,ci_high,0.0490869068307819,0.0482083998329569,-0.0008785069978250043,1e-08,DIFFERENCE,auprc,corrected_primary_source_raw
primary_traceable_paired_differences.csv,primary_traceable,corrected_strict_source_logistic_recalibrated,valid_replicates,1000.0,1000.0,0.0,1e-08,match,auprc,corrected_primary_source_raw
primary_traceable_paired_differences.csv,primary_traceable,corrected_strict_source_logistic_recalibrated,estimate,-0.0080809085304004,-0.0088187911454085,-0.0007378826150081005,1e-08,DIFFERENCE,auroc,corrected_primary_source_raw
primary_traceable_paired_differences.csv,primary_traceable,corrected_strict_source_logistic_recalibrated,ci_low,-0.0758331046621696,-0.0770300630129136,-0.0011969583507440013,1e-08,DIFFERENCE,auroc,corrected_primary_source_raw
primary_traceable_paired_differences.csv,primary_traceable,corrected_strict_source_logistic_recalibrated,ci_high,0.0742775627808139,0.0736823178431819,-0.0005952449376320085,1e-08,DIFFERENCE,auroc,corrected_primary_source_raw
primary_traceable_paired_differences.csv,primary_traceable,corrected_strict_source_logistic_recalibrated,valid_replicates,1000.0,1000.0,0.0,1e-08,match,auroc,corrected_primary_source_raw
primary_traceable_paired_differences.csv,primary_traceable,corrected_strict_source_logistic_recalibrated,estimate,-0.2930435756210452,-0.2922110846002039,0.0008324910208413194,1e-08,DIFFERENCE,brier,corrected_primary_source_raw
primary_traceable_paired_differences.csv,primary_traceable,corrected_strict_source_logistic_recalibrated,ci_low,-0.3418697607955048,-0.3409804182985968,0.0008893424969079744,1e-08,DIFFERENCE,brier,corrected_primary_source_raw
primary_traceable_paired_differences.csv,primary_traceable,corrected_strict_source_logistic_recalibrated,ci_high,-0.2251764175866258,-0.2244519447654818,0.0007244728211439899,1e-08,DIFFERENCE,brier,corrected_primary_source_raw
primary_traceable_paired_differences.csv,primary_traceable,corrected_strict_source_logistic_recalibrated,valid_replicates,1000.0,1000.0,0.0,1e-08,match,brier,corrected_primary_source_raw
primary_traceable_paired_differences.csv,primary_traceable,corrected_strict_source_logistic_recalibrated,estimate,-3.95495100427755,-3.91391177417066,0.041039230106890034,1e-08,DIFFERENCE,calibration_intercept,corrected_primary_source_raw
primary_traceable_paired_differences.csv,primary_traceable,corrected_strict_source_logistic_recalibrated,ci_low,-8.210094664976962,-8.160960935435169,0.049133729541793514,1e-08,DIFFERENCE,calibration_intercept,corrected_primary_source_raw
primary_traceable_paired_differences.csv,primary_traceable,corrected_strict_source_logistic_recalibrated,ci_high,0.9938140088830436,0.9811615538318226,-0.012652455051221034,1e-08,DIFFERENCE,calibration_intercept,corrected_primary_source_raw
primary_traceable_paired_differences.csv,primary_traceable,corrected_strict_source_logistic_recalibrated,valid_replicates,1000.0,1000.0,0.0,1e-08,match,calibration_intercept,corrected_primary_source_raw
primary_traceable_paired_differences.csv,primary_traceable,corrected_strict_source_logistic_recalibrated,estimate,-6.378473536423887,-6.311835810664083,0.06663772575980431,1e-08,DIFFERENCE,calibration_slope,corrected_primary_source_raw
primary_traceable_paired_differences.csv,primary_traceable,corrected_strict_source_logistic_recalibrated,ci_low,-13.244979581063856,-13.165569696661498,0.07940988440235763,1e-08,DIFFERENCE,calibration_slope,corrected_primary_source_raw
primary_traceable_paired_differences.csv,primary_traceable,corrected_strict_source_logistic_recalibrated,ci_high,1.6077963326132845,1.5877576149062984,-0.020038717706986064,1e-08,DIFFERENCE,calibration_slope,corrected_primary_source_raw
primary_traceable_paired_differences.csv,primary_traceable,corrected_strict_source_logistic_recalibrated,valid_replicates,1000.0,1000.0,0.0,1e-08,match,calibration_slope,corrected_primary_source_raw
primary_traceable_paired_differences.csv,primary_traceable,corrected_strict_source_logistic_recalibrated,estimate,-0.4834319448922632,-0.4823834164260029,0.0010485284662603012,1e-08,DIFFERENCE,mean_predicted_risk,corrected_primary_source_raw
primary_traceable_paired_differences.csv,primary_traceable,corrected_strict_source_logistic_recalibrated,ci_low,-0.5693140247972903,-0.5682041751761719,0.001109849621118375,1e-08,DIFFERENCE,mean_predicted_risk,corrected_primary_source_raw
primary_traceable_paired_differences.csv,primary_traceable,corrected_strict_source_logistic_recalibrated,ci_high,-0.3259341043454029,-0.3249303347523283,0.0010037695930745771,1e-08,DIFFERENCE,mean_predicted_risk,corrected_primary_source_raw
primary_traceable_paired_differences.csv,primary_traceable,corrected_strict_source_logistic_recalibrated,valid_replicates,1000.0,1000.0,0.0,1e-08,match,mean_predicted_risk,corrected_primary_source_raw
primary_traceable_paired_differences.csv,primary_traceable,corrected_strict_source_raw,estimate,-0.0002901898206519,-0.0009169531440644,-0.0006267633234125,1e-08,DIFFERENCE,auprc,corrected_primary_source_raw
primary_traceable_paired_differences.csv,primary_traceable,corrected_strict_source_raw,ci_low,-0.0017104680298795,-0.0022453548864943,-0.0005348868566148,1e-08,DIFFERENCE,auprc,corrected_primary_source_raw
primary_traceable_paired_differences.csv,primary_traceable,corrected_strict_source_raw,ci_high,0.0008715405860922,0.0004629874692491,-0.0004085531168431,1e-08,DIFFERENCE,auprc,corrected_primary_source_raw
primary_traceable_paired_differences.csv,primary_traceable,corrected_strict_source_raw,valid_replicates,1000.0,1000.0,0.0,1e-08,match,auprc,corrected_primary_source_raw
primary_traceable_paired_differences.csv,primary_traceable,corrected_strict_source_raw,estimate,0.0001372342329798,-0.0001988901927244,-0.0003361244257042,1e-08,DIFFERENCE,auroc,corrected_primary_source_raw
primary_traceable_paired_differences.csv,primary_traceable,corrected_strict_source_raw,ci_low,-0.000647236315865,-0.0009328469511861,-0.00028561063532110003,1e-08,DIFFERENCE,auroc,corrected_primary_source_raw
primary_traceable_paired_differences.csv,primary_traceable,corrected_strict_source_raw,ci_high,0.0007493017835681,0.0005759988524323,-0.00017330293113580004,1e-08,DIFFERENCE,auroc,corrected_primary_source_raw
primary_traceable_paired_differences.csv,primary_traceable,corrected_strict_source_raw,valid_replicates,1000.0,1000.0,0.0,1e-08,match,auroc,corrected_primary_source_raw
primary_traceable_paired_differences.csv,primary_traceable,corrected_strict_source_raw,estimate,-5.938494178459042e-05,0.0009816890696831,0.0010410740114676904,1e-08,DIFFERENCE,brier,corrected_primary_source_raw
primary_traceable_paired_differences.csv,primary_traceable,corrected_strict_source_raw,ci_low,-0.0003035788947442,0.0006693883609721,0.0009729672557163001,1e-08,DIFFERENCE,brier,corrected_primary_source_raw
primary_traceable_paired_differences.csv,primary_traceable,corrected_strict_source_raw,ci_high,0.0001624406306394,0.0012291786432416,0.0010667380126022,1e-08,DIFFERENCE,brier,corrected_primary_source_raw
primary_traceable_paired_differences.csv,primary_traceable,corrected_strict_source_raw,valid_replicates,1000.0,1000.0,0.0,1e-08,match,brier,corrected_primary_source_raw
primary_traceable_paired_differences.csv,primary_traceable,corrected_strict_source_raw,estimate,-0.0030863475704723,-0.0045608203414404,-0.0014744727709681002,1e-08,DIFFERENCE,calibration_intercept,corrected_primary_source_raw
primary_traceable_paired_differences.csv,primary_traceable,corrected_strict_source_raw,ci_low,-0.0072590300386582,-0.0097447600699554,-0.0024857300312972003,1e-08,DIFFERENCE,calibration_intercept,corrected_primary_source_raw
primary_traceable_paired_differences.csv,primary_traceable,corrected_strict_source_raw,ci_high,-0.0004907029551817,-0.000252915421012,0.0002377875341697,1e-08,DIFFERENCE,calibration_intercept,corrected_primary_source_raw
primary_traceable_paired_differences.csv,primary_traceable,corrected_strict_source_raw,valid_replicates,1000.0,1000.0,0.0,1e-08,match,calibration_intercept,corrected_primary_source_raw
primary_traceable_paired_differences.csv,primary_traceable,corrected_strict_source_raw,estimate,0.0010253670851146,0.0003998098580494,-0.0006255572270651999,1e-08,DIFFERENCE,calibration_slope,corrected_primary_source_raw
primary_traceable_paired_differences.csv,primary_traceable,corrected_strict_source_raw,ci_low,0.0002405626938558,-0.000457599772217,-0.0006981624660727999,1e-08,DIFFERENCE,calibration_slope,corrected_primary_source_raw
primary_traceable_paired_differences.csv,primary_traceable,corrected_strict_source_raw,ci_high,0.0019691260199065,0.0015363121573776,-0.00043281386252889986,1e-08,DIFFERENCE,calibration_slope,corrected_primary_source_raw
primary_traceable_paired_differences.csv,primary_traceable,corrected_strict_source_raw,valid_replicates,1000.0,1000.0,0.0,1e-08,match,calibration_slope,corrected_primary_source_raw
primary_traceable_paired_differences.csv,primary_traceable,corrected_strict_source_raw,estimate,0.0010076996495127,0.0022353540216315,0.0012276543721188,1e-08,DIFFERENCE,mean_predicted_risk,corrected_primary_source_raw
primary_traceable_paired_differences.csv,primary_traceable,corrected_strict_source_raw,ci_low,0.000447125620411,0.0016193489416793,0.0011722233212683,1e-08,DIFFERENCE,mean_predicted_risk,corrected_primary_source_raw
primary_traceable_paired_differences.csv,primary_traceable,corrected_strict_source_raw,ci_high,0.0020410366394767,0.0033725866932374,0.0013315500537607002,1e-08,DIFFERENCE,mean_predicted_risk,corrected_primary_source_raw
primary_traceable_paired_differences.csv,primary_traceable,corrected_strict_source_raw,valid_replicates,1000.0,1000.0,0.0,1e-08,match,mean_predicted_risk,corrected_primary_source_raw
primary_traceable_paired_differences.csv,primary_traceable,source_trained__corrected_primary__harmonized_dynamic_vitals,estimate,0.0254031945153982,0.0235271154893455,-0.001876079026052701,1e-08,DIFFERENCE,auprc,corrected_primary_source_raw
primary_traceable_paired_differences.csv,primary_traceable,source_trained__corrected_primary__harmonized_dynamic_vitals,ci_low,-0.0090691356209274,-0.0103410637274896,-0.0012719281065622003,1e-08,DIFFERENCE,auprc,corrected_primary_source_raw
primary_traceable_paired_differences.csv,primary_traceable,source_trained__corrected_primary__harmonized_dynamic_vitals,ci_high,0.0521458673757805,0.0499741876691995,-0.002171679706581005,1e-08,DIFFERENCE,auprc,corrected_primary_source_raw
primary_traceable_paired_differences.csv,primary_traceable,source_trained__corrected_primary__harmonized_dynamic_vitals,valid_replicates,1000.0,1000.0,0.0,1e-08,match,auprc,corrected_primary_source_raw
primary_traceable_paired_differences.csv,primary_traceable,source_trained__corrected_primary__harmonized_dynamic_vitals,estimate,0.0019401738300284,-0.0001620955070704,-0.0021022693370988,1e-08,DIFFERENCE,auroc,corrected_primary_source_raw
primary_traceable_paired_differences.csv,primary_traceable,source_trained__corrected_primary__harmonized_dynamic_vitals,ci_low,-0.0386121259057006,-0.0405227042969244,-0.0019105783912237995,1e-08,DIFFERENCE,auroc,corrected_primary_source_raw
primary_traceable_paired_differences.csv,primary_traceable,source_trained__corrected_primary__harmonized_dynamic_vitals,ci_high,0.0344675256260363,0.0326985321573577,-0.0017689934686785994,1e-08,DIFFERENCE,auroc,corrected_primary_source_raw
primary_traceable_paired_differences.csv,primary_traceable,source_trained__corrected_primary__harmonized_dynamic_vitals,valid_replicates,1000.0,1000.0,0.0,1e-08,match,auroc,corrected_primary_source_raw
primary_traceable_paired_differences.csv,primary_traceable,source_trained__corrected_primary__harmonized_dynamic_vitals,estimate,-0.2831960264933442,-0.2819128323864519,0.0012831941068923158,1e-08,DIFFERENCE,brier,corrected_primary_source_raw
primary_traceable_paired_differences.csv,primary_traceable,source_trained__corrected_primary__harmonized_dynamic_vitals,ci_low,-0.330159908199074,-0.3286838976326276,0.0014760105664463619,1e-08,DIFFERENCE,brier,corrected_primary_source_raw
primary_traceable_paired_differences.csv,primary_traceable,source_trained__corrected_primary__harmonized_dynamic_vitals,ci_high,-0.2122315826537939,-0.2109183160523365,0.001313266601457419,1e-08,DIFFERENCE,brier,corrected_primary_source_raw
primary_traceable_paired_differences.csv,primary_traceable,source_trained__corrected_primary__harmonized_dynamic_vitals,valid_replicates,1000.0,1000.0,0.0,1e-08,match,brier,corrected_primary_source_raw
primary_traceable_paired_differences.csv,primary_traceable,source_trained__corrected_primary__harmonized_dynamic_vitals,estimate,0.2217886696194582,0.2186916623695026,-0.0030970072499555967,1e-08,DIFFERENCE,calibration_intercept,corrected_primary_source_raw
primary_traceable_paired_differences.csv,primary_traceable,source_trained__corrected_primary__harmonized_dynamic_vitals,ci_low,-0.1252790713801281,-0.1278202462745431,-0.0025411748944150214,1e-08,DIFFERENCE,calibration_intercept,corrected_primary_source_raw
primary_traceable_paired_differences.csv,primary_traceable,source_trained__corrected_primary__harmonized_dynamic_vitals,ci_high,0.4882543278934069,0.4845275296011758,-0.003726798292231104,1e-08,DIFFERENCE,calibration_intercept,corrected_primary_source_raw
primary_traceable_paired_differences.csv,primary_traceable,source_trained__corrected_primary__harmonized_dynamic_vitals,valid_replicates,1000.0,1000.0,0.0,1e-08,match,calibration_intercept,corrected_primary_source_raw
primary_traceable_paired_differences.csv,primary_traceable,source_trained__corrected_primary__harmonized_dynamic_vitals,estimate,0.029780345650834,0.0274967198123412,-0.0022836258384928004,1e-08,DIFFERENCE,calibration_slope,corrected_primary_source_raw
primary_traceable_paired_differences.csv,primary_traceable,source_trained__corrected_primary__harmonized_dynamic_vitals,ci_low,-0.1953706234687143,-0.1974281646333079,-0.002057541164593585,1e-08,DIFFERENCE,calibration_slope,corrected_primary_source_raw
primary_traceable_paired_differences.csv,primary_traceable,source_trained__corrected_primary__harmonized_dynamic_vitals,ci_high,0.1500148794938256,0.1475838041883272,-0.002431075305498409,1e-08,DIFFERENCE,calibration_slope,corrected_primary_source_raw
primary_traceable_paired_differences.csv,primary_traceable,source_trained__corrected_primary__harmonized_dynamic_vitals,valid_replicates,1000.0,1000.0,0.0,1e-08,match,calibration_slope,corrected_primary_source_raw
primary_traceable_paired_differences.csv,primary_traceable,source_trained__corrected_primary__harmonized_dynamic_vitals,estimate,-0.4786398557895832,-0.4771442228656841,0.0014956329238990929,1e-08,DIFFERENCE,mean_predicted_risk,corrected_primary_source_raw
primary_traceable_paired_differences.csv,primary_traceable,source_trained__corrected_primary__harmonized_dynamic_vitals,ci_low,-0.5589195535966983,-0.5573358795941517,0.0015836740025466645,1e-08,DIFFERENCE,mean_predicted_risk,corrected_primary_source_raw
primary_traceable_paired_differences.csv,primary_traceable,source_trained__corrected_primary__harmonized_dynamic_vitals,ci_high,-0.3346944595176259,-0.3335758920512781,0.0011185674663478085,1e-08,DIFFERENCE,mean_predicted_risk,corrected_primary_source_raw
primary_traceable_paired_differences.csv,primary_traceable,source_trained__corrected_primary__harmonized_dynamic_vitals,valid_replicates,1000.0,1000.0,0.0,1e-08,match,mean_predicted_risk,corrected_primary_source_raw
primary_traceable_paired_differences.csv,primary_traceable,source_trained__corrected_primary__harmonized_last_values,estimate,-0.0165019919348855,-0.0182755417370575,-0.0017735498021720017,1e-08,DIFFERENCE,auprc,corrected_primary_source_raw
primary_traceable_paired_differences.csv,primary_traceable,source_trained__corrected_primary__harmonized_last_values,ci_low,-0.0481225757744025,-0.048606400166606,-0.0004838243922034996,1e-08,DIFFERENCE,auprc,corrected_primary_source_raw
primary_traceable_paired_differences.csv,primary_traceable,source_trained__corrected_primary__harmonized_last_values,ci_high,0.0146292290599967,0.0120268258095451,-0.0026024032504516,1e-08,DIFFERENCE,auprc,corrected_primary_source_raw
primary_traceable_paired_differences.csv,primary_traceable,source_trained__corrected_primary__harmonized_last_values,valid_replicates,1000.0,1000.0,0.0,1e-08,match,auprc,corrected_primary_source_raw
primary_traceable_paired_differences.csv,primary_traceable,source_trained__corrected_primary__harmonized_last_values,estimate,-0.0391634678494005,-0.0406292885697805,-0.0014658207203799983,1e-08,DIFFERENCE,auroc,corrected_primary_source_raw
primary_traceable_paired_differences.csv,primary_traceable,source_trained__corrected_primary__harmonized_last_values,ci_low,-0.0850467544670127,-0.0865194871274986,-0.0014727326604859065,1e-08,DIFFERENCE,auroc,corrected_primary_source_raw
primary_traceable_paired_differences.csv,primary_traceable,source_trained__corrected_primary__harmonized_last_values,ci_high,0.0050306194299528,0.0036189327892855,-0.0014116866406673001,1e-08,DIFFERENCE,auroc,corrected_primary_source_raw
primary_traceable_paired_differences.csv,primary_traceable,source_trained__corrected_primary__harmonized_last_values,valid_replicates,1000.0,1000.0,0.0,1e-08,match,auroc,corrected_primary_source_raw
primary_traceable_paired_differences.csv,primary_traceable,source_trained__corrected_primary__harmonized_last_values,estimate,-0.2793387230888626,-0.2783694174348593,0.0009693056540032718,1e-08,DIFFERENCE,brier,corrected_primary_source_raw
primary_traceable_paired_differences.csv,primary_traceable,source_trained__corrected_primary__harmonized_last_values,ci_low,-0.3255525287361595,-0.3244704533322891,0.0010820754038703972,1e-08,DIFFERENCE,brier,corrected_primary_source_raw
primary_traceable_paired_differences.csv,primary_traceable,source_trained__corrected_primary__harmonized_last_values,ci_high,-0.2103519703401166,-0.2092869148454156,0.0010650554947010116,1e-08,DIFFERENCE,brier,corrected_primary_source_raw
primary_traceable_paired_differences.csv,primary_traceable,source_trained__corrected_primary__harmonized_last_values,valid_replicates,1000.0,1000.0,0.0,1e-08,match,brier,corrected_primary_source_raw
primary_traceable_paired_differences.csv,primary_traceable,source_trained__corrected_primary__harmonized_last_values,estimate,0.149527380405124,0.1482843867613551,-0.001242993643768897,1e-08,DIFFERENCE,calibration_intercept,corrected_primary_source_raw
primary_traceable_paired_differences.csv,primary_traceable,source_trained__corrected_primary__harmonized_last_values,ci_low,-0.172379794816478,-0.1746569620721106,-0.002277167255632595,1e-08,DIFFERENCE,calibration_intercept,corrected_primary_source_raw
primary_traceable_paired_differences.csv,primary_traceable,source_trained__corrected_primary__harmonized_last_values,ci_high,0.3928115011136003,0.3919754020759184,-0.0008360990376818922,1e-08,DIFFERENCE,calibration_intercept,corrected_primary_source_raw
primary_traceable_paired_differences.csv,primary_traceable,source_trained__corrected_primary__harmonized_last_values,valid_replicates,1000.0,1000.0,0.0,1e-08,match,calibration_intercept,corrected_primary_source_raw
primary_traceable_paired_differences.csv,primary_traceable,source_trained__corrected_primary__harmonized_last_values,estimate,-0.0772387953504278,-0.0764878105070351,0.0007509848433926991,1e-08,DIFFERENCE,calibration_slope,corrected_primary_source_raw
primary_traceable_paired_differences.csv,primary_traceable,source_trained__corrected_primary__harmonized_last_values,ci_low,-0.3453246394729432,-0.3450644663855968,0.00026017308734638256,1e-08,DIFFERENCE,calibration_slope,corrected_primary_source_raw
primary_traceable_paired_differences.csv,primary_traceable,source_trained__corrected_primary__harmonized_last_values,ci_high,0.0548098413862486,0.0546849088300251,-0.00012493255622349903,1e-08,DIFFERENCE,calibration_slope,corrected_primary_source_raw
primary_traceable_paired_differences.csv,primary_traceable,source_trained__corrected_primary__harmonized_last_values,valid_replicates,1000.0,1000.0,0.0,1e-08,match,calibration_slope,corrected_primary_source_raw
primary_traceable_paired_differences.csv,primary_traceable,source_trained__corrected_primary__harmonized_last_values,estimate,-0.4512671803266314,-0.45105126659381,0.00021591373282137116,1e-08,DIFFERENCE,mean_predicted_risk,corrected_primary_source_raw
primary_traceable_paired_differences.csv,primary_traceable,source_trained__corrected_primary__harmonized_last_values,ci_low,-0.5373525323190934,-0.5367966088134922,0.0005559235056011858,1e-08,DIFFERENCE,mean_predicted_risk,corrected_primary_source_raw
primary_traceable_paired_differences.csv,primary_traceable,source_trained__corrected_primary__harmonized_last_values,ci_high,-0.2944077842978118,-0.2944232941677896,-1.5509869977836654e-05,1e-08,DIFFERENCE,mean_predicted_risk,corrected_primary_source_raw
primary_traceable_paired_differences.csv,primary_traceable,source_trained__corrected_primary__harmonized_last_values,valid_replicates,1000.0,1000.0,0.0,1e-08,match,mean_predicted_risk,corrected_primary_source_raw
primary_traceable_paired_differences.csv,primary_traceable,source_trained__corrected_strict__harmonized_dynamic_vitals,estimate,0.0261633686418124,0.0232759589435956,-0.002887409698216801,1e-08,DIFFERENCE,auprc,corrected_primary_source_raw
primary_traceable_paired_differences.csv,primary_traceable,source_trained__corrected_strict__harmonized_dynamic_vitals,ci_low,-0.0074347130885029,-0.0104124540798147,-0.0029777409913117996,1e-08,DIFFERENCE,auprc,corrected_primary_source_raw
primary_traceable_paired_differences.csv,primary_traceable,source_trained__corrected_strict__harmonized_dynamic_vitals,ci_high,0.0524877809653761,0.0494313333105304,-0.0030564476548457023,1e-08,DIFFERENCE,auprc,corrected_primary_source_raw
primary_traceable_paired_differences.csv,primary_traceable,source_trained__corrected_strict__harmonized_dynamic_vitals,valid_replicates,1000.0,1000.0,0.0,1e-08,match,auprc,corrected_primary_source_raw
primary_traceable_paired_differences.csv,primary_traceable,source_trained__corrected_strict__harmonized_dynamic_vitals,estimate,0.0032528491020106,-5.370035203555723e-05,-0.003306549454046157,1e-08,DIFFERENCE,auroc,corrected_primary_source_raw
primary_traceable_paired_differences.csv,primary_traceable,source_trained__corrected_strict__harmonized_dynamic_vitals,ci_low,-0.0368633442154168,-0.0397155779200143,-0.002852233704597501,1e-08,DIFFERENCE,auroc,corrected_primary_source_raw
primary_traceable_paired_differences.csv,primary_traceable,source_trained__corrected_strict__harmonized_dynamic_vitals,ci_high,0.0350462049596188,0.0322151094715675,-0.0028310954880512995,1e-08,DIFFERENCE,auroc,corrected_primary_source_raw
primary_traceable_paired_differences.csv,primary_traceable,source_trained__corrected_strict__harmonized_dynamic_vitals,valid_replicates,1000.0,1000.0,0.0,1e-08,match,auroc,corrected_primary_source_raw
primary_traceable_paired_differences.csv,primary_traceable,source_trained__corrected_strict__harmonized_dynamic_vitals,estimate,-0.2836465570584803,-0.2820796386536526,0.0015669184048276996,1e-08,DIFFERENCE,brier,corrected_primary_source_raw
primary_traceable_paired_differences.csv,primary_traceable,source_trained__corrected_strict__harmonized_dynamic_vitals,ci_low,-0.3306285338571865,-0.328881538111179,0.001746995746007507,1e-08,DIFFERENCE,brier,corrected_primary_source_raw
primary_traceable_paired_differences.csv,primary_traceable,source_trained__corrected_strict__harmonized_dynamic_vitals,ci_high,-0.2127269036448271,-0.2111494023102747,0.0015775013345523947,1e-08,DIFFERENCE,brier,corrected_primary_source_raw
primary_traceable_paired_differences.csv,primary_traceable,source_trained__corrected_strict__harmonized_dynamic_vitals,valid_replicates,1000.0,1000.0,0.0,1e-08,match,brier,corrected_primary_source_raw
primary_traceable_paired_differences.csv,primary_traceable,source_trained__corrected_strict__harmonized_dynamic_vitals,estimate,0.2272526933034748,0.2194136091790457,-0.007839084124429102,1e-08,DIFFERENCE,calibration_intercept,corrected_primary_source_raw
primary_traceable_paired_differences.csv,primary_traceable,source_trained__corrected_strict__harmonized_dynamic_vitals,ci_low,-0.1139822650063704,-0.1176381030067299,-0.0036558380003594987,1e-08,DIFFERENCE,calibration_intercept,corrected_primary_source_raw
primary_traceable_paired_differences.csv,primary_traceable,source_trained__corrected_strict__harmonized_dynamic_vitals,ci_high,0.4941352876973191,0.4843750014177669,-0.009760286279552222,1e-08,DIFFERENCE,calibration_intercept,corrected_primary_source_raw
primary_traceable_paired_differences.csv,primary_traceable,source_trained__corrected_strict__harmonized_dynamic_vitals,valid_replicates,1000.0,1000.0,0.0,1e-08,match,calibration_intercept,corrected_primary_source_raw
primary_traceable_paired_differences.csv,primary_traceable,source_trained__corrected_strict__harmonized_dynamic_vitals,estimate,0.040299378639577,0.0314265898502845,-0.008872788789292499,1e-08,DIFFERENCE,calibration_slope,corrected_primary_source_raw
primary_traceable_paired_differences.csv,primary_traceable,source_trained__corrected_strict__harmonized_dynamic_vitals,ci_low,-0.181202771575577,-0.1888018083377763,-0.007599036762199307,1e-08,DIFFERENCE,calibration_slope,corrected_primary_source_raw
primary_traceable_paired_differences.csv,primary_traceable,source_trained__corrected_strict__harmonized_dynamic_vitals,ci_high,0.1618575345207316,0.1506703633992719,-0.0111871711214597,1e-08,DIFFERENCE,calibration_slope,corrected_primary_source_raw
primary_traceable_paired_differences.csv,primary_traceable,source_trained__corrected_strict__harmonized_dynamic_vitals,valid_replicates,1000.0,1000.0,0.0,1e-08,match,calibration_slope,corrected_primary_source_raw
primary_traceable_paired_differences.csv,primary_traceable,source_trained__corrected_strict__harmonized_dynamic_vitals,estimate,-0.4744113550956828,-0.4717826317404043,0.002628723355278473,1e-08,DIFFERENCE,mean_predicted_risk,corrected_primary_source_raw
primary_traceable_paired_differences.csv,primary_traceable,source_trained__corrected_strict__harmonized_dynamic_vitals,ci_low,-0.554683830694023,-0.5519111342897853,0.002772696404237718,1e-08,DIFFERENCE,mean_predicted_risk,corrected_primary_source_raw
primary_traceable_paired_differences.csv,primary_traceable,source_trained__corrected_strict__harmonized_dynamic_vitals,ci_high,-0.3304875311633721,-0.3278315829047156,0.002655948258656504,1e-08,DIFFERENCE,mean_predicted_risk,corrected_primary_source_raw
primary_traceable_paired_differences.csv,primary_traceable,source_trained__corrected_strict__harmonized_dynamic_vitals,valid_replicates,1000.0,1000.0,0.0,1e-08,match,mean_predicted_risk,corrected_primary_source_raw
primary_traceable_paired_differences.csv,primary_traceable,source_trained__corrected_strict__harmonized_last_values,estimate,-0.0147015481472767,-0.0166106406226426,-0.0019090924753659005,1e-08,DIFFERENCE,auprc,corrected_primary_source_raw
primary_traceable_paired_differences.csv,primary_traceable,source_trained__corrected_strict__harmonized_last_values,ci_low,-0.0469687824265441,-0.0478129997140832,-0.000844217287539098,1e-08,DIFFERENCE,auprc,corrected_primary_source_raw
primary_traceable_paired_differences.csv,primary_traceable,source_trained__corrected_strict__harmonized_last_values,ci_high,0.0169191771985766,0.0136949648100722,-0.0032242123885043994,1e-08,DIFFERENCE,auprc,corrected_primary_source_raw
primary_traceable_paired_differences.csv,primary_traceable,source_trained__corrected_strict__harmonized_last_values,valid_replicates,1000.0,1000.0,0.0,1e-08,match,auprc,corrected_primary_source_raw
primary_traceable_paired_differences.csv,primary_traceable,source_trained__corrected_strict__harmonized_last_values,estimate,-0.03669026830287,-0.0383281290399569,-0.0016378607370869033,1e-08,DIFFERENCE,auroc,corrected_primary_source_raw
primary_traceable_paired_differences.csv,primary_traceable,source_trained__corrected_strict__harmonized_last_values,ci_low,-0.0824815780029684,-0.0838283192280725,-0.0013467412251041005,1e-08,DIFFERENCE,auroc,corrected_primary_source_raw
primary_traceable_paired_differences.csv,primary_traceable,source_trained__corrected_strict__harmonized_last_values,ci_high,0.0072584392835209,0.0057390315975564,-0.0015194076859645,1e-08,DIFFERENCE,auroc,corrected_primary_source_raw
primary_traceable_paired_differences.csv,primary_traceable,source_trained__corrected_strict__harmonized_last_values,valid_replicates,1000.0,1000.0,0.0,1e-08,match,auroc,corrected_primary_source_raw
primary_traceable_paired_differences.csv,primary_traceable,source_trained__corrected_strict__harmonized_last_values,estimate,-0.2795282339964747,-0.2784154888278612,0.0011127451686134826,1e-08,DIFFERENCE,brier,corrected_primary_source_raw
primary_traceable_paired_differences.csv,primary_traceable,source_trained__corrected_strict__harmonized_last_values,ci_low,-0.325846622521306,-0.3246026038290736,0.001244018692232396,1e-08,DIFFERENCE,brier,corrected_primary_source_raw
primary_traceable_paired_differences.csv,primary_traceable,source_trained__corrected_strict__harmonized_last_values,ci_high,-0.2106466307664679,-0.209702496976128,0.0009441337903398905,1e-08,DIFFERENCE,brier,corrected_primary_source_raw
primary_traceable_paired_differences.csv,primary_traceable,source_trained__corrected_strict__harmonized_last_values,valid_replicates,1000.0,1000.0,0.0,1e-08,match,brier,corrected_primary_source_raw
primary_traceable_paired_differences.csv,primary_traceable,source_trained__corrected_strict__harmonized_last_values,estimate,0.1536096943456409,0.1525343050951101,-0.0010753892505308005,1e-08,DIFFERENCE,calibration_intercept,corrected_primary_source_raw
primary_traceable_paired_differences.csv,primary_traceable,source_trained__corrected_strict__harmonized_last_values,ci_low,-0.164395908738149,-0.1663588329766891,-0.001962924238540109,1e-08,DIFFERENCE,calibration_intercept,corrected_primary_source_raw
primary_traceable_paired_differences.csv,primary_traceable,source_trained__corrected_strict__harmonized_last_values,ci_high,0.3963533497750693,0.3960199079296935,-0.0003334418453758148,1e-08,DIFFERENCE,calibration_intercept,corrected_primary_source_raw
primary_traceable_paired_differences.csv,primary_traceable,source_trained__corrected_strict__harmonized_last_values,valid_replicates,1000.0,1000.0,0.0,1e-08,match,calibration_intercept,corrected_primary_source_raw
primary_traceable_paired_differences.csv,primary_traceable,source_trained__corrected_strict__harmonized_last_values,estimate,-0.070789884813608,-0.0699559797983324,0.0008339050152755961,1e-08,DIFFERENCE,calibration_slope,corrected_primary_source_raw
primary_traceable_paired_differences.csv,primary_traceable,source_trained__corrected_strict__harmonized_last_values,ci_low,-0.3365663644890731,-0.3326889090438573,0.0038774554452158383,1e-08,DIFFERENCE,calibration_slope,corrected_primary_source_raw
primary_traceable_paired_differences.csv,primary_traceable,source_trained__corrected_strict__harmonized_last_values,ci_high,0.0593302687236698,0.0609089004937734,0.001578631770103596,1e-08,DIFFERENCE,calibration_slope,corrected_primary_source_raw
primary_traceable_paired_differences.csv,primary_traceable,source_trained__corrected_strict__harmonized_last_values,valid_replicates,1000.0,1000.0,0.0,1e-08,match,calibration_slope,corrected_primary_source_raw
primary_traceable_paired_differences.csv,primary_traceable,source_trained__corrected_strict__harmonized_last_values,estimate,-0.4486248399508896,-0.4475168662574282,0.0011079736934613837,1e-08,DIFFERENCE,mean_predicted_risk,corrected_primary_source_raw
primary_traceable_paired_differences.csv,primary_traceable,source_trained__corrected_strict__harmonized_last_values,ci_low,-0.5346379871161515,-0.5331618343538747,0.001476152762276861,1e-08,DIFFERENCE,mean_predicted_risk,corrected_primary_source_raw
primary_traceable_paired_differences.csv,primary_traceable,source_trained__corrected_strict__harmonized_last_values,ci_high,-0.2916267902787983,-0.2907581321527269,0.0008686581260713977,1e-08,DIFFERENCE,mean_predicted_risk,corrected_primary_source_raw
primary_traceable_paired_differences.csv,primary_traceable,source_trained__corrected_strict__harmonized_last_values,valid_replicates,1000.0,1000.0,0.0,1e-08,match,mean_predicted_risk,corrected_primary_source_raw
primary_traceable_paired_differences.csv,primary_traceable,target_native__harmonized_dynamic_vitals,estimate,0.13811529918485,0.1374947150272432,-0.0006205841576067961,1e-08,DIFFERENCE,auprc,corrected_primary_source_raw
primary_traceable_paired_differences.csv,primary_traceable,target_native__harmonized_dynamic_vitals,ci_low,0.0844908649302693,0.084019860396196,-0.00047100453407331044,1e-08,DIFFERENCE,auprc,corrected_primary_source_raw
primary_traceable_paired_differences.csv,primary_traceable,target_native__harmonized_dynamic_vitals,ci_high,0.1814364929680798,0.1806331488679792,-0.0008033441001005781,1e-08,DIFFERENCE,auprc,corrected_primary_source_raw
primary_traceable_paired_differences.csv,primary_traceable,target_native__harmonized_dynamic_vitals,valid_replicates,1000.0,1000.0,0.0,1e-08,match,auprc,corrected_primary_source_raw
primary_traceable_paired_differences.csv,primary_traceable,target_native__harmonized_dynamic_vitals,estimate,0.1253694385329858,0.1249567413830825,-0.00041269714990328776,1e-08,DIFFERENCE,auroc,corrected_primary_source_raw
primary_traceable_paired_differences.csv,primary_traceable,target_native__harmonized_dynamic_vitals,ci_low,0.0777839682150771,0.0776438144482676,-0.00014015376680950875,1e-08,DIFFERENCE,auroc,corrected_primary_source_raw
primary_traceable_paired_differences.csv,primary_traceable,target_native__harmonized_dynamic_vitals,ci_high,0.1657739851891333,0.1653462641619899,-0.0004277210271434184,1e-08,DIFFERENCE,auroc,corrected_primary_source_raw
primary_traceable_paired_differences.csv,primary_traceable,target_native__harmonized_dynamic_vitals,valid_replicates,1000.0,1000.0,0.0,1e-08,match,auroc,corrected_primary_source_raw
primary_traceable_paired_differences.csv,primary_traceable,target_native__harmonized_dynamic_vitals,estimate,-0.3045786204872109,-0.3037730976777141,0.0008055228094968059,1e-08,DIFFERENCE,brier,corrected_primary_source_raw
primary_traceable_paired_differences.csv,primary_traceable,target_native__harmonized_dynamic_vitals,ci_low,-0.3538020585277295,-0.3528220485556796,0.000980009972049889,1e-08,DIFFERENCE,brier,corrected_primary_source_raw
primary_traceable_paired_differences.csv,primary_traceable,target_native__harmonized_dynamic_vitals,ci_high,-0.2324771312242888,-0.2318475872436649,0.0006295439806239256,1e-08,DIFFERENCE,brier,corrected_primary_source_raw
primary_traceable_paired_differences.csv,primary_traceable,target_native__harmonized_dynamic_vitals,valid_replicates,1000.0,1000.0,0.0,1e-08,match,brier,corrected_primary_source_raw
primary_traceable_paired_differences.csv,primary_traceable,target_native__harmonized_dynamic_vitals,estimate,0.6446267214423802,0.6437248075523465,-0.0009019138900336898,1e-08,DIFFERENCE,calibration_intercept,corrected_primary_source_raw
primary_traceable_paired_differences.csv,primary_traceable,target_native__harmonized_dynamic_vitals,ci_low,0.3820990285901358,0.3835553452808905,0.0014563166907547442,1e-08,DIFFERENCE,calibration_intercept,corrected_primary_source_raw
primary_traceable_paired_differences.csv,primary_traceable,target_native__harmonized_dynamic_vitals,ci_high,0.8765406471777074,0.874011923836114,-0.002528723341593375,1e-08,DIFFERENCE,calibration_intercept,corrected_primary_source_raw
primary_traceable_paired_differences.csv,primary_traceable,target_native__harmonized_dynamic_vitals,valid_replicates,999.0,1000.0,1.0,1e-08,DIFFERENCE,calibration_intercept,corrected_primary_source_raw
primary_traceable_paired_differences.csv,primary_traceable,target_native__harmonized_dynamic_vitals,estimate,0.8199062484584646,0.8208177071495478,0.0009114586910832223,1e-08,DIFFERENCE,calibration_slope,corrected_primary_source_raw
primary_traceable_paired_differences.csv,primary_traceable,target_native__harmonized_dynamic_vitals,ci_low,0.6240447443808261,0.6245715879575955,0.0005268435767693536,1e-08,DIFFERENCE,calibration_slope,corrected_primary_source_raw
primary_traceable_paired_differences.csv,primary_traceable,target_native__harmonized_dynamic_vitals,ci_high,0.9855096120289268,0.989167888507506,0.003658276478579192,1e-08,DIFFERENCE,calibration_slope,corrected_primary_source_raw
primary_traceable_paired_differences.csv,primary_traceable,target_native__harmonized_dynamic_vitals,valid_replicates,999.0,1000.0,1.0,1e-08,DIFFERENCE,calibration_slope,corrected_primary_source_raw
primary_traceable_paired_differences.csv,primary_traceable,target_native__harmonized_dynamic_vitals,estimate,-0.4602022861910995,-0.4591723650501365,0.0010299211409630082,1e-08,DIFFERENCE,mean_predicted_risk,corrected_primary_source_raw
primary_traceable_paired_differences.csv,primary_traceable,target_native__harmonized_dynamic_vitals,ci_low,-0.5394894981967802,-0.5384391670534487,0.0010503311433314177,1e-08,DIFFERENCE,mean_predicted_risk,corrected_primary_source_raw
primary_traceable_paired_differences.csv,primary_traceable,target_native__harmonized_dynamic_vitals,ci_high,-0.319977255422487,-0.3186264951757322,0.0013507602467547897,1e-08,DIFFERENCE,mean_predicted_risk,corrected_primary_source_raw
primary_traceable_paired_differences.csv,primary_traceable,target_native__harmonized_dynamic_vitals,valid_replicates,1000.0,1000.0,0.0,1e-08,match,mean_predicted_risk,corrected_primary_source_raw
primary_traceable_paired_differences.csv,primary_traceable,target_native__harmonized_last_values,estimate,0.1229966656081532,0.1224847699765804,-0.0005118956315728063,1e-08,DIFFERENCE,auprc,corrected_primary_source_raw
primary_traceable_paired_differences.csv,primary_traceable,target_native__harmonized_last_values,ci_low,0.0717656278350071,0.0717890099889268,2.3382153919698778e-05,1e-08,DIFFERENCE,auprc,corrected_primary_source_raw
primary_traceable_paired_differences.csv,primary_traceable,target_native__harmonized_last_values,ci_high,0.1771866849291915,0.1766971157658139,-0.0004895691633776122,1e-08,DIFFERENCE,auprc,corrected_primary_source_raw
primary_traceable_paired_differences.csv,primary_traceable,target_native__harmonized_last_values,valid_replicates,1000.0,1000.0,0.0,1e-08,match,auprc,corrected_primary_source_raw
primary_traceable_paired_differences.csv,primary_traceable,target_native__harmonized_last_values,estimate,0.1077099783209688,0.1071729748006126,-0.0005370035203562107,1e-08,DIFFERENCE,auroc,corrected_primary_source_raw
primary_traceable_paired_differences.csv,primary_traceable,target_native__harmonized_last_values,ci_low,0.0582951141809036,0.0579744883917976,-0.00032062578910600076,1e-08,DIFFERENCE,auroc,corrected_primary_source_raw
primary_traceable_paired_differences.csv,primary_traceable,target_native__harmonized_last_values,ci_high,0.1666820568078206,0.1662472828536479,-0.0004347739541727125,1e-08,DIFFERENCE,auroc,corrected_primary_source_raw
primary_traceable_paired_differences.csv,primary_traceable,target_native__harmonized_last_values,valid_replicates,1000.0,1000.0,0.0,1e-08,match,auroc,corrected_primary_source_raw
primary_traceable_paired_differences.csv,primary_traceable,target_native__harmonized_last_values,estimate,-0.3011822503900871,-0.3003524420933008,0.0008298082967863052,1e-08,DIFFERENCE,brier,corrected_primary_source_raw
primary_traceable_paired_differences.csv,primary_traceable,target_native__harmonized_last_values,ci_low,-0.351058668351291,-0.3501718264778591,0.0008868418734319095,1e-08,DIFFERENCE,brier,corrected_primary_source_raw
primary_traceable_paired_differences.csv,primary_traceable,target_native__harmonized_last_values,ci_high,-0.2331624569409865,-0.2324889184006741,0.0006735385403124072,1e-08,DIFFERENCE,brier,corrected_primary_source_raw
primary_traceable_paired_differences.csv,primary_traceable,target_native__harmonized_last_values,valid_replicates,1000.0,1000.0,0.0,1e-08,match,brier,corrected_primary_source_raw
primary_traceable_paired_differences.csv,primary_traceable,target_native__harmonized_last_values,estimate,0.6689180605866628,0.6671916719616121,-0.001726388625050701,1e-08,DIFFERENCE,calibration_intercept,corrected_primary_source_raw
primary_traceable_paired_differences.csv,primary_traceable,target_native__harmonized_last_values,ci_low,0.428866311548402,0.4281487262512978,-0.0007175852971041952,1e-08,DIFFERENCE,calibration_intercept,corrected_primary_source_raw
primary_traceable_paired_differences.csv,primary_traceable,target_native__harmonized_last_values,ci_high,0.8869378305121631,0.8845464472601632,-0.0023913832519999456,1e-08,DIFFERENCE,calibration_intercept,corrected_primary_source_raw
primary_traceable_paired_differences.csv,primary_traceable,target_native__harmonized_last_values,valid_replicates,1000.0,1000.0,0.0,1e-08,match,calibration_intercept,corrected_primary_source_raw
primary_traceable_paired_differences.csv,primary_traceable,target_native__harmonized_last_values,estimate,0.939005294059916,0.9386641286833952,-0.00034116537652073564,1e-08,DIFFERENCE,calibration_slope,corrected_primary_source_raw
primary_traceable_paired_differences.csv,primary_traceable,target_native__harmonized_last_values,ci_low,0.6649431989407821,0.6642923918010646,-0.0006508071397175463,1e-08,DIFFERENCE,calibration_slope,corrected_primary_source_raw
primary_traceable_paired_differences.csv,primary_traceable,target_native__harmonized_last_values,ci_high,1.3069951519446887,1.306757108481721,-0.0002380434629676298,1e-08,DIFFERENCE,calibration_slope,corrected_primary_source_raw
primary_traceable_paired_differences.csv,primary_traceable,target_native__harmonized_last_values,valid_replicates,1000.0,1000.0,0.0,1e-08,match,calibration_slope,corrected_primary_source_raw
primary_traceable_paired_differences.csv,primary_traceable,target_native__harmonized_last_values,estimate,-0.4517088337462919,-0.4506309513582144,0.001077882388077489,1e-08,DIFFERENCE,mean_predicted_risk,corrected_primary_source_raw
primary_traceable_paired_differences.csv,primary_traceable,target_native__harmonized_last_values,ci_low,-0.5360682584298271,-0.5349870129351447,0.001081245494682359,1e-08,DIFFERENCE,mean_predicted_risk,corrected_primary_source_raw
primary_traceable_paired_differences.csv,primary_traceable,target_native__harmonized_last_values,ci_high,-0.2966674066634112,-0.2955538133847778,0.0011135932786333624,1e-08,DIFFERENCE,mean_predicted_risk,corrected_primary_source_raw
primary_traceable_paired_differences.csv,primary_traceable,target_native__harmonized_last_values,valid_replicates,1000.0,1000.0,0.0,1e-08,match,mean_predicted_risk,corrected_primary_source_raw
primary_traceable_paired_differences.csv,primary_traceable,target_native_refit,estimate,0.1316015341658858,0.1310663584480251,-0.0005351757178606864,1e-08,DIFFERENCE,auprc,corrected_primary_source_raw
primary_traceable_paired_differences.csv,primary_traceable,target_native_refit,ci_low,0.0713879360807728,0.071175406603778,-0.00021252947699480773,1e-08,DIFFERENCE,auprc,corrected_primary_source_raw
primary_traceable_paired_differences.csv,primary_traceable,target_native_refit,ci_high,0.1825468383739976,0.1825451257630686,-1.7126109289888891e-06,1e-08,DIFFERENCE,auprc,corrected_primary_source_raw
primary_traceable_paired_differences.csv,primary_traceable,target_native_refit,valid_replicates,1000.0,1000.0,0.0,1e-08,match,auprc,corrected_primary_source_raw
primary_traceable_paired_differences.csv,primary_traceable,target_native_refit,estimate,0.1284582032259988,0.1279410887249149,-0.0005171145010839096,1e-08,DIFFERENCE,auroc,corrected_primary_source_raw
primary_traceable_paired_differences.csv,primary_traceable,target_native_refit,ci_low,0.0785403884047137,0.078408992862488,-0.00013139554222570127,1e-08,DIFFERENCE,auroc,corrected_primary_source_raw
primary_traceable_paired_differences.csv,primary_traceable,target_native_refit,ci_high,0.1696007310155247,0.169243051077536,-0.00035767993798868636,1e-08,DIFFERENCE,auroc,corrected_primary_source_raw
primary_traceable_paired_differences.csv,primary_traceable,target_native_refit,valid_replicates,1000.0,1000.0,0.0,1e-08,match,auroc,corrected_primary_source_raw
primary_traceable_paired_differences.csv,primary_traceable,target_native_refit,estimate,-0.3049574491515847,-0.3041201291093139,0.0008373200422707727,1e-08,DIFFERENCE,brier,corrected_primary_source_raw
primary_traceable_paired_differences.csv,primary_traceable,target_native_refit,ci_low,-0.3551156445021893,-0.3542157095533564,0.0008999349488328923,1e-08,DIFFERENCE,brier,corrected_primary_source_raw
primary_traceable_paired_differences.csv,primary_traceable,target_native_refit,ci_high,-0.2324726930862279,-0.2318460637596697,0.0006266293265581868,1e-08,DIFFERENCE,brier,corrected_primary_source_raw
primary_traceable_paired_differences.csv,primary_traceable,target_native_refit,valid_replicates,1000.0,1000.0,0.0,1e-08,match,brier,corrected_primary_source_raw
primary_traceable_paired_differences.csv,primary_traceable,target_native_refit,estimate,0.6701227347761415,0.6682470070224914,-0.0018757277536500805,1e-08,DIFFERENCE,calibration_intercept,corrected_primary_source_raw
primary_traceable_paired_differences.csv,primary_traceable,target_native_refit,ci_low,0.3878161371250241,0.3865013609581169,-0.0013147761669072278,1e-08,DIFFERENCE,calibration_intercept,corrected_primary_source_raw
primary_traceable_paired_differences.csv,primary_traceable,target_native_refit,ci_high,0.9184184169707016,0.9167722897328086,-0.0016461272378930358,1e-08,DIFFERENCE,calibration_intercept,corrected_primary_source_raw
primary_traceable_paired_differences.csv,primary_traceable,target_native_refit,valid_replicates,1000.0,1000.0,0.0,1e-08,match,calibration_intercept,corrected_primary_source_raw
primary_traceable_paired_differences.csv,primary_traceable,target_native_refit,estimate,0.7884281583329752,0.7878337517607341,-0.0005944065722410796,1e-08,DIFFERENCE,calibration_slope,corrected_primary_source_raw
primary_traceable_paired_differences.csv,primary_traceable,target_native_refit,ci_low,0.5837310593109173,0.5840478972121436,0.00031683790122627453,1e-08,DIFFERENCE,calibration_slope,corrected_primary_source_raw
primary_traceable_paired_differences.csv,primary_traceable,target_native_refit,ci_high,0.9319107423264098,0.9315299064543592,-0.0003808358720506222,1e-08,DIFFERENCE,calibration_slope,corrected_primary_source_raw
primary_traceable_paired_differences.csv,primary_traceable,target_native_refit,valid_replicates,1000.0,1000.0,0.0,1e-08,match,calibration_slope,corrected_primary_source_raw
primary_traceable_paired_differences.csv,primary_traceable,target_native_refit,estimate,-0.4707939283700598,-0.4697118861323772,0.001082042237682601,1e-08,DIFFERENCE,mean_predicted_risk,corrected_primary_source_raw
primary_traceable_paired_differences.csv,primary_traceable,target_native_refit,ci_low,-0.5527078796508742,-0.5516523964356399,0.0010554832152342986,1e-08,DIFFERENCE,mean_predicted_risk,corrected_primary_source_raw
primary_traceable_paired_differences.csv,primary_traceable,target_native_refit,ci_high,-0.3269286108699486,-0.3259154187839088,0.001013192086039838,1e-08,DIFFERENCE,mean_predicted_risk,corrected_primary_source_raw
primary_traceable_paired_differences.csv,primary_traceable,target_native_refit,valid_replicates,1000.0,1000.0,0.0,1e-08,match,mean_predicted_risk,corrected_primary_source_raw
freshness_180_performance.csv,freshness_180,corrected_primary_source_intercept_recalibrated,n,1236.0,1236.0,0.0,1e-10,match,,
freshness_180_performance.csv,freshness_180,corrected_primary_source_intercept_recalibrated,hospitals,22.0,22.0,0.0,1e-10,match,,
freshness_180_performance.csv,freshness_180,corrected_primary_source_intercept_recalibrated,events,479.0,479.0,0.0,1e-10,match,,
freshness_180_performance.csv,freshness_180,corrected_primary_source_intercept_recalibrated,prevalence,0.3875404530744336,0.3875404530744336,0.0,1e-10,match,,
freshness_180_performance.csv,freshness_180,corrected_primary_source_intercept_recalibrated,auroc,0.4991381759113962,0.4992016061643174,6.343025292121496e-05,1e-10,DIFFERENCE,,
freshness_180_performance.csv,freshness_180,corrected_primary_source_intercept_recalibrated,auprc,0.3760770635927067,0.3766824169789304,0.0006053533862236948,1e-10,DIFFERENCE,,
freshness_180_performance.csv,freshness_180,corrected_primary_source_intercept_recalibrated,brier,0.4020581927009708,0.4010352293939238,-0.0010229633070470423,1e-10,DIFFERENCE,,
freshness_180_performance.csv,freshness_180,corrected_primary_source_intercept_recalibrated,calibration_intercept,-0.4810829258590108,-0.4813465524650274,-0.00026362660601658705,1e-10,DIFFERENCE,,
freshness_180_performance.csv,freshness_180,corrected_primary_source_intercept_recalibrated,calibration_slope,0.0502433558521805,0.0506603092222457,0.0004169533700651984,1e-10,DIFFERENCE,,
freshness_180_performance.csv,freshness_180,corrected_primary_source_intercept_recalibrated,mean_predicted_risk,0.6482605956135872,0.6469560759710503,-0.001304519642536861,1e-10,DIFFERENCE,,
freshness_180_performance.csv,freshness_180,corrected_primary_source_logistic_recalibrated,n,1236.0,1236.0,0.0,1e-10,match,,
freshness_180_performance.csv,freshness_180,corrected_primary_source_logistic_recalibrated,hospitals,22.0,22.0,0.0,1e-10,match,,
freshness_180_performance.csv,freshness_180,corrected_primary_source_logistic_recalibrated,events,479.0,479.0,0.0,1e-10,match,,
freshness_180_performance.csv,freshness_180,corrected_primary_source_logistic_recalibrated,prevalence,0.3875404530744336,0.3875404530744336,0.0,1e-10,match,,
freshness_180_performance.csv,freshness_180,corrected_primary_source_logistic_recalibrated,auroc,0.5008618240886038,0.5007983938356825,-6.343025292132598e-05,1e-10,DIFFERENCE,,
freshness_180_performance.csv,freshness_180,corrected_primary_source_logistic_recalibrated,auprc,0.3726385051297816,0.3725001763964574,-0.00013832873332420004,1e-10,DIFFERENCE,,
freshness_180_performance.csv,freshness_180,corrected_primary_source_logistic_recalibrated,brier,0.2398701453432018,0.2398748332847934,4.687941591585698e-06,1e-10,DIFFERENCE,,
freshness_180_performance.csv,freshness_180,corrected_primary_source_logistic_recalibrated,calibration_intercept,-1.057601285714881,-1.0550990987581823,0.002502186956698793,1e-10,DIFFERENCE,,
freshness_180_performance.csv,freshness_180,corrected_primary_source_logistic_recalibrated,calibration_slope,-1.1691639961506044,-1.1651484276262665,0.004015568524337931,1e-10,DIFFERENCE,,
freshness_180_performance.csv,freshness_180,corrected_primary_source_logistic_recalibrated,mean_predicted_risk,0.3752276214375046,0.3753184186437343,9.07972062296758e-05,1e-10,DIFFERENCE,,
freshness_180_performance.csv,freshness_180,corrected_primary_source_raw,n,1236.0,1236.0,0.0,1e-10,match,,
freshness_180_performance.csv,freshness_180,corrected_primary_source_raw,hospitals,22.0,22.0,0.0,1e-10,match,,
freshness_180_performance.csv,freshness_180,corrected_primary_source_raw,events,479.0,479.0,0.0,1e-10,match,,
freshness_180_performance.csv,freshness_180,corrected_primary_source_raw,prevalence,0.3875404530744336,0.3875404530744336,0.0,1e-10,match,,
freshness_180_performance.csv,freshness_180,corrected_primary_source_raw,auroc,0.4991381759113962,0.4992016061643174,6.343025292121496e-05,1e-10,DIFFERENCE,,
freshness_180_performance.csv,freshness_180,corrected_primary_source_raw,auprc,0.3760770635927067,0.3766824169789304,0.0006053533862236948,1e-10,DIFFERENCE,,
freshness_180_performance.csv,freshness_180,corrected_primary_source_raw,brier,0.5132324154069382,0.5123365539771378,-0.0008958614298003598,1e-10,DIFFERENCE,,
freshness_180_performance.csv,freshness_180,corrected_primary_source_raw,calibration_intercept,-0.6532932523632996,-0.6516041069728884,0.0016891453904112064,1e-10,DIFFERENCE,,
freshness_180_performance.csv,freshness_180,corrected_primary_source_raw,calibration_slope,0.0504417848300549,0.0508532799383209,0.00041149510826599817,1e-10,DIFFERENCE,,
freshness_180_performance.csv,freshness_180,corrected_primary_source_raw,mean_predicted_risk,0.8576516581495309,0.8566648594732853,-0.000986798676245626,1e-10,DIFFERENCE,,
freshness_180_performance.csv,freshness_180,corrected_strict_source_intercept_recalibrated,n,1236.0,1236.0,0.0,1e-10,match,,
freshness_180_performance.csv,freshness_180,corrected_strict_source_intercept_recalibrated,hospitals,22.0,22.0,0.0,1e-10,match,,
freshness_180_performance.csv,freshness_180,corrected_strict_source_intercept_recalibrated,events,479.0,479.0,0.0,1e-10,match,,
freshness_180_performance.csv,freshness_180,corrected_strict_source_intercept_recalibrated,prevalence,0.3875404530744336,0.3875404530744336,0.0,1e-10,match,,
freshness_180_performance.csv,freshness_180,corrected_strict_source_intercept_recalibrated,auroc,0.500106176727716,0.4998414243676968,-0.00026475236001916036,1e-10,DIFFERENCE,,
freshness_180_performance.csv,freshness_180,corrected_strict_source_intercept_recalibrated,auprc,0.3770093638264902,0.3770012660262516,-8.097800238582309e-06,1e-10,DIFFERENCE,,
freshness_180_performance.csv,freshness_180,corrected_strict_source_intercept_recalibrated,brier,0.401210095458226,0.4014864248855526,0.0002763294273265826,1e-10,DIFFERENCE,,
freshness_180_performance.csv,freshness_180,corrected_strict_source_intercept_recalibrated,calibration_intercept,-0.4820704671836799,-0.4818791044898769,0.00019136269380298776,1e-10,DIFFERENCE,,
freshness_180_performance.csv,freshness_180,corrected_strict_source_intercept_recalibrated,calibration_slope,0.0519175957720694,0.0514954206433079,-0.0004221751287614983,1e-10,DIFFERENCE,,
freshness_180_performance.csv,freshness_180,corrected_strict_source_intercept_recalibrated,mean_predicted_risk,0.6486505282772599,0.648683117265271,3.2588988011061915e-05,1e-10,DIFFERENCE,,
freshness_180_performance.csv,freshness_180,corrected_strict_source_logistic_recalibrated,n,1236.0,1236.0,0.0,1e-10,match,,
freshness_180_performance.csv,freshness_180,corrected_strict_source_logistic_recalibrated,hospitals,22.0,22.0,0.0,1e-10,match,,
freshness_180_performance.csv,freshness_180,corrected_strict_source_logistic_recalibrated,events,479.0,479.0,0.0,1e-10,match,,
freshness_180_performance.csv,freshness_180,corrected_strict_source_logistic_recalibrated,prevalence,0.3875404530744336,0.3875404530744336,0.0,1e-10,match,,
freshness_180_performance.csv,freshness_180,corrected_strict_source_logistic_recalibrated,auroc,0.499893823272284,0.5001585756323031,0.00026475236001916036,1e-10,DIFFERENCE,,
freshness_180_performance.csv,freshness_180,corrected_strict_source_logistic_recalibrated,auprc,0.3721056792299381,0.3720736327501943,-3.204647974380803e-05,1e-10,DIFFERENCE,,
freshness_180_performance.csv,freshness_180,corrected_strict_source_logistic_recalibrated,brier,0.2398705045392082,0.2398847728318059,1.4268292597707788e-05,1e-10,DIFFERENCE,,
freshness_180_performance.csv,freshness_180,corrected_strict_source_logistic_recalibrated,calibration_intercept,-1.077895782445919,-1.0720237285565335,0.005872053889385498,1e-10,DIFFERENCE,,
freshness_180_performance.csv,freshness_180,corrected_strict_source_logistic_recalibrated,calibration_slope,-1.2101747500070847,-1.1977051588116576,0.012469591195427121,1e-10,DIFFERENCE,,
freshness_180_performance.csv,freshness_180,corrected_strict_source_logistic_recalibrated,mean_predicted_risk,0.3753731669699957,0.3752760485387863,-9.711843120935315e-05,1e-10,DIFFERENCE,,
freshness_180_performance.csv,freshness_180,corrected_strict_source_raw,n,1236.0,1236.0,0.0,1e-10,match,,
freshness_180_performance.csv,freshness_180,corrected_strict_source_raw,hospitals,22.0,22.0,0.0,1e-10,match,,
freshness_180_performance.csv,freshness_180,corrected_strict_source_raw,events,479.0,479.0,0.0,1e-10,match,,
freshness_180_performance.csv,freshness_180,corrected_strict_source_raw,prevalence,0.3875404530744336,0.3875404530744336,0.0,1e-10,match,,
freshness_180_performance.csv,freshness_180,corrected_strict_source_raw,auroc,0.500106176727716,0.4998414243676968,-0.00026475236001916036,1e-10,DIFFERENCE,,
freshness_180_performance.csv,freshness_180,corrected_strict_source_raw,auprc,0.3770093638264902,0.3770012660262517,-8.097800238471287e-06,1e-10,DIFFERENCE,,
freshness_180_performance.csv,freshness_180,corrected_strict_source_raw,brier,0.5130668969813397,0.5132795716687786,0.00021267468743890738,1e-10,DIFFERENCE,,
freshness_180_performance.csv,freshness_180,corrected_strict_source_raw,calibration_intercept,-0.6587148556299323,-0.658086749533124,0.0006281060968083008,1e-10,DIFFERENCE,,
freshness_180_performance.csv,freshness_180,corrected_strict_source_raw,calibration_slope,0.0520927072109563,0.0516761658377751,-0.00041654137318120066,1e-10,DIFFERENCE,,
freshness_180_performance.csv,freshness_180,corrected_strict_source_raw,mean_predicted_risk,0.8582673251665305,0.8585421533121662,0.00027482814563573044,1e-10,DIFFERENCE,,
freshness_180_performance.csv,freshness_180,source_trained__corrected_primary__harmonized_dynamic_vitals,n,1236.0,1236.0,0.0,1e-10,match,,
freshness_180_performance.csv,freshness_180,source_trained__corrected_primary__harmonized_dynamic_vitals,hospitals,22.0,22.0,0.0,1e-10,match,,
freshness_180_performance.csv,freshness_180,source_trained__corrected_primary__harmonized_dynamic_vitals,events,479.0,479.0,0.0,1e-10,match,,
freshness_180_performance.csv,freshness_180,source_trained__corrected_primary__harmonized_dynamic_vitals,prevalence,0.3875404530744336,0.3875404530744336,0.0,1e-10,match,,
freshness_180_performance.csv,freshness_180,source_trained__corrected_primary__harmonized_dynamic_vitals,auroc,0.528481562480178,0.5271660741913333,-0.0013154882888446462,1e-10,DIFFERENCE,,
freshness_180_performance.csv,freshness_180,source_trained__corrected_primary__harmonized_dynamic_vitals,auprc,0.4231038150872291,0.4215879771346281,-0.001515837952601018,1e-10,DIFFERENCE,,
freshness_180_performance.csv,freshness_180,source_trained__corrected_primary__harmonized_dynamic_vitals,brier,0.2441893852041742,0.2443940835306063,0.00020469832643210673,1e-10,DIFFERENCE,,
freshness_180_performance.csv,freshness_180,source_trained__corrected_primary__harmonized_dynamic_vitals,calibration_intercept,-0.3089710853521403,-0.3107671825201999,-0.0017960971680596183,1e-10,DIFFERENCE,,
freshness_180_performance.csv,freshness_180,source_trained__corrected_primary__harmonized_dynamic_vitals,calibration_slope,0.2176840384639985,0.2154952752353409,-0.002188763228657603,1e-10,DIFFERENCE,,
freshness_180_performance.csv,freshness_180,source_trained__corrected_primary__harmonized_dynamic_vitals,mean_predicted_risk,0.3524206565039887,0.353086830871382,0.0006661743673933018,1e-10,DIFFERENCE,,
freshness_180_performance.csv,freshness_180,source_trained__corrected_primary__harmonized_last_values,n,1236.0,1236.0,0.0,1e-10,match,,
freshness_180_performance.csv,freshness_180,source_trained__corrected_primary__harmonized_last_values,hospitals,22.0,22.0,0.0,1e-10,match,,
freshness_180_performance.csv,freshness_180,source_trained__corrected_primary__harmonized_last_values,events,479.0,479.0,0.0,1e-10,match,,
freshness_180_performance.csv,freshness_180,source_trained__corrected_primary__harmonized_last_values,prevalence,0.3875404530744336,0.3875404530744336,0.0,1e-10,match,,
freshness_180_performance.csv,freshness_180,source_trained__corrected_primary__harmonized_last_values,auroc,0.501267226139883,0.5011486391452912,-0.00011858699459177391,1e-10,DIFFERENCE,,
freshness_180_performance.csv,freshness_180,source_trained__corrected_primary__harmonized_last_values,auprc,0.3897014271643076,0.3880920382229413,-0.0016093889413663076,1e-10,DIFFERENCE,,
freshness_180_performance.csv,freshness_180,source_trained__corrected_primary__harmonized_last_values,brier,0.244286464479599,0.2443108018192316,2.433733963258522e-05,1e-10,DIFFERENCE,,
freshness_180_performance.csv,freshness_180,source_trained__corrected_primary__harmonized_last_values,calibration_intercept,-0.3655434519063541,-0.3629964358914987,0.0025470160148554077,1e-10,DIFFERENCE,,
freshness_180_performance.csv,freshness_180,source_trained__corrected_primary__harmonized_last_values,calibration_slope,0.1612469310343201,0.1645655119129758,0.0033185808786556914,1e-10,DIFFERENCE,,
freshness_180_performance.csv,freshness_180,source_trained__corrected_primary__harmonized_last_values,mean_predicted_risk,0.3763259166159715,0.375579612822228,-0.0007463037937434636,1e-10,DIFFERENCE,,
freshness_180_performance.csv,freshness_180,source_trained__corrected_strict__harmonized_dynamic_vitals,n,1236.0,1236.0,0.0,1e-10,match,,
freshness_180_performance.csv,freshness_180,source_trained__corrected_strict__harmonized_dynamic_vitals,hospitals,22.0,22.0,0.0,1e-10,match,,
freshness_180_performance.csv,freshness_180,source_trained__corrected_strict__harmonized_dynamic_vitals,events,479.0,479.0,0.0,1e-10,match,,
freshness_180_performance.csv,freshness_180,source_trained__corrected_strict__harmonized_dynamic_vitals,prevalence,0.3875404530744336,0.3875404530744336,0.0,1e-10,match,,
freshness_180_performance.csv,freshness_180,source_trained__corrected_strict__harmonized_dynamic_vitals,auroc,0.5293888908806601,0.5271467693317485,-0.0022421215489115687,1e-10,DIFFERENCE,,
freshness_180_performance.csv,freshness_180,source_trained__corrected_strict__harmonized_dynamic_vitals,auprc,0.4238728637367026,0.4215173357480951,-0.0023555279886074976,1e-10,DIFFERENCE,,
freshness_180_performance.csv,freshness_180,source_trained__corrected_strict__harmonized_dynamic_vitals,brier,0.2435185414380965,0.2438982447918417,0.00037970335374518105,1e-10,DIFFERENCE,,
freshness_180_performance.csv,freshness_180,source_trained__corrected_strict__harmonized_dynamic_vitals,calibration_intercept,-0.3048264410659484,-0.311551993469527,-0.006725552403578583,1e-10,DIFFERENCE,,
freshness_180_performance.csv,freshness_180,source_trained__corrected_strict__harmonized_dynamic_vitals,calibration_slope,0.2311325436828999,0.2228599016155665,-0.008272642067333386,1e-10,DIFFERENCE,,
freshness_180_performance.csv,freshness_180,source_trained__corrected_strict__harmonized_dynamic_vitals,mean_predicted_risk,0.3562954270605006,0.3582191300426615,0.0019237029821608798,1e-10,DIFFERENCE,,
freshness_180_performance.csv,freshness_180,source_trained__corrected_strict__harmonized_last_values,n,1236.0,1236.0,0.0,1e-10,match,,
freshness_180_performance.csv,freshness_180,source_trained__corrected_strict__harmonized_last_values,hospitals,22.0,22.0,0.0,1e-10,match,,
freshness_180_performance.csv,freshness_180,source_trained__corrected_strict__harmonized_last_values,events,479.0,479.0,0.0,1e-10,match,,
freshness_180_performance.csv,freshness_180,source_trained__corrected_strict__harmonized_last_values,prevalence,0.3875404530744336,0.3875404530744336,0.0,1e-10,match,,
freshness_180_performance.csv,freshness_180,source_trained__corrected_strict__harmonized_last_values,auroc,0.5040305788975823,0.5036499973800548,-0.0003805815175275118,1e-10,DIFFERENCE,,
freshness_180_performance.csv,freshness_180,source_trained__corrected_strict__harmonized_last_values,auprc,0.3925930914055524,0.3903455865360338,-0.0022475048695185795,1e-10,DIFFERENCE,,
freshness_180_performance.csv,freshness_180,source_trained__corrected_strict__harmonized_last_values,brier,0.2439045655602552,0.24398055852658,7.599296632479491e-05,1e-10,DIFFERENCE,,
freshness_180_performance.csv,freshness_180,source_trained__corrected_strict__harmonized_last_values,calibration_intercept,-0.3618228806064389,-0.360252989217518,0.0015698913889208854,1e-10,DIFFERENCE,,
freshness_180_performance.csv,freshness_180,source_trained__corrected_strict__harmonized_last_values,calibration_slope,0.1715884944926024,0.1744262433155489,0.0028377488229464898,1e-10,DIFFERENCE,,
freshness_180_performance.csv,freshness_180,source_trained__corrected_strict__harmonized_last_values,mean_predicted_risk,0.3788295671995182,0.3790222705782449,0.00019270337872667742,1e-10,DIFFERENCE,,
freshness_180_performance.csv,freshness_180,target_native__harmonized_dynamic_vitals,n,1236.0,1236.0,0.0,1e-10,match,,
freshness_180_performance.csv,freshness_180,target_native__harmonized_dynamic_vitals,hospitals,22.0,22.0,0.0,1e-10,match,,
freshness_180_performance.csv,freshness_180,target_native__harmonized_dynamic_vitals,events,479.0,479.0,0.0,1e-10,match,,
freshness_180_performance.csv,freshness_180,target_native__harmonized_dynamic_vitals,prevalence,0.3875404530744336,0.3875404530744336,0.0,1e-10,match,,
freshness_180_performance.csv,freshness_180,target_native__harmonized_dynamic_vitals,auroc,0.6097439899835357,0.6097412321464522,-2.75783708358901e-06,1e-10,DIFFERENCE,,
freshness_180_performance.csv,freshness_180,target_native__harmonized_dynamic_vitals,auprc,0.484200336390777,0.4842047666226391,4.43023186214031e-06,1e-10,DIFFERENCE,,
freshness_180_performance.csv,freshness_180,target_native__harmonized_dynamic_vitals,brier,0.2333201288805303,0.2333204118035729,2.829230426049101e-07,1e-10,DIFFERENCE,,
freshness_180_performance.csv,freshness_180,target_native__harmonized_dynamic_vitals,calibration_intercept,-0.287406215293274,-0.2874101153228339,-3.9000295599112e-06,1e-10,DIFFERENCE,,
freshness_180_performance.csv,freshness_180,target_native__harmonized_dynamic_vitals,calibration_slope,0.5902676359384162,0.5902599377156947,-7.69822272150833e-06,1e-10,DIFFERENCE,,
freshness_180_performance.csv,freshness_180,target_native__harmonized_dynamic_vitals,mean_predicted_risk,0.4310805523041462,0.4310813719019234,8.195977772018637e-07,1e-10,DIFFERENCE,,
freshness_180_performance.csv,freshness_180,target_native__harmonized_last_values,n,1236.0,1236.0,0.0,1e-10,match,,
freshness_180_performance.csv,freshness_180,target_native__harmonized_last_values,hospitals,22.0,22.0,0.0,1e-10,match,,
freshness_180_performance.csv,freshness_180,target_native__harmonized_last_values,events,479.0,479.0,0.0,1e-10,match,,
freshness_180_performance.csv,freshness_180,target_native__harmonized_last_values,prevalence,0.3875404530744336,0.3875404530744336,0.0,1e-10,match,,
freshness_180_performance.csv,freshness_180,target_native__harmonized_last_values,auroc,0.5958996478242045,0.5958996478242045,0.0,1e-10,match,,
freshness_180_performance.csv,freshness_180,target_native__harmonized_last_values,auprc,0.4812249198340523,0.4812249198340523,0.0,1e-10,match,,
freshness_180_performance.csv,freshness_180,target_native__harmonized_last_values,brier,0.233273975785702,0.233273975785702,0.0,1e-10,match,,
freshness_180_performance.csv,freshness_180,target_native__harmonized_last_values,calibration_intercept,-0.2662698855145306,-0.2662698855145306,0.0,1e-10,match,,
freshness_180_performance.csv,freshness_180,target_native__harmonized_last_values,calibration_slope,0.8047016431105212,0.8047016431105212,0.0,1e-10,match,,
freshness_180_performance.csv,freshness_180,target_native__harmonized_last_values,mean_predicted_risk,0.4399880125976917,0.4399880125976917,0.0,1e-10,match,,
freshness_180_performance.csv,freshness_180,target_native_refit,n,1236.0,1236.0,0.0,1e-10,match,,
freshness_180_performance.csv,freshness_180,target_native_refit,hospitals,22.0,22.0,0.0,1e-10,match,,
freshness_180_performance.csv,freshness_180,target_native_refit,events,479.0,479.0,0.0,1e-10,match,,
freshness_180_performance.csv,freshness_180,target_native_refit,prevalence,0.3875404530744336,0.3875404530744336,0.0,1e-10,match,,
freshness_180_performance.csv,freshness_180,target_native_refit,auroc,0.6032327366293163,0.6032851355339035,5.2398904587191986e-05,1e-10,DIFFERENCE,,
freshness_180_performance.csv,freshness_180,target_native_refit,auprc,0.4700452069721564,0.4699542328944449,-9.097407771152533e-05,1e-10,DIFFERENCE,,
freshness_180_performance.csv,freshness_180,target_native_refit,brier,0.2336781246553866,0.2336735395809979,-4.585074388691046e-06,1e-10,DIFFERENCE,,
freshness_180_performance.csv,freshness_180,target_native_refit,calibration_intercept,-0.2527011410512202,-0.2526367429427472,6.43981084730294e-05,1e-10,DIFFERENCE,,
freshness_180_performance.csv,freshness_180,target_native_refit,calibration_slope,0.5474716322009182,0.5476653346723626,0.00019370247144434583,1e-10,DIFFERENCE,,
freshness_180_performance.csv,freshness_180,target_native_refit,mean_predicted_risk,0.4116524185348834,0.4116552803705037,2.8618356203158335e-06,1e-10,DIFFERENCE,,
freshness_180_hospital_CI.csv,freshness_180,corrected_primary_source_intercept_recalibrated,estimate,0.3760770635927067,0.3766824169789304,0.0006053533862236948,1e-08,DIFFERENCE,auprc,
freshness_180_hospital_CI.csv,freshness_180,corrected_primary_source_intercept_recalibrated,ci_low,0.3354483646945711,0.335837887964659,0.0003895232700878992,1e-08,DIFFERENCE,auprc,
freshness_180_hospital_CI.csv,freshness_180,corrected_primary_source_intercept_recalibrated,ci_high,0.4247135251456693,0.4242466507745326,-0.00046687437113668295,1e-08,DIFFERENCE,auprc,
freshness_180_hospital_CI.csv,freshness_180,corrected_primary_source_intercept_recalibrated,valid_replicates,1000.0,1000.0,0.0,1e-08,match,auprc,
freshness_180_hospital_CI.csv,freshness_180,corrected_primary_source_intercept_recalibrated,attempted_replicates,1000.0,1000.0,0.0,1e-08,match,auprc,
freshness_180_hospital_CI.csv,freshness_180,corrected_primary_source_intercept_recalibrated,estimate,0.4991381759113962,0.4992016061643174,6.343025292121496e-05,1e-08,DIFFERENCE,auroc,
freshness_180_hospital_CI.csv,freshness_180,corrected_primary_source_intercept_recalibrated,ci_low,0.4612288036212758,0.4614462491788243,0.00021744555754854566,1e-08,DIFFERENCE,auroc,
freshness_180_hospital_CI.csv,freshness_180,corrected_primary_source_intercept_recalibrated,ci_high,0.557495098954213,0.5567928728842009,-0.0007022260700121352,1e-08,DIFFERENCE,auroc,
freshness_180_hospital_CI.csv,freshness_180,corrected_primary_source_intercept_recalibrated,valid_replicates,1000.0,1000.0,0.0,1e-08,match,auroc,
freshness_180_hospital_CI.csv,freshness_180,corrected_primary_source_intercept_recalibrated,attempted_replicates,1000.0,1000.0,0.0,1e-08,match,auroc,
freshness_180_hospital_CI.csv,freshness_180,corrected_primary_source_intercept_recalibrated,estimate,0.4020581927009708,0.4010352293939238,-0.0010229633070470423,1e-08,DIFFERENCE,brier,
freshness_180_hospital_CI.csv,freshness_180,corrected_primary_source_intercept_recalibrated,ci_low,0.3487594763721621,0.3478108135699944,-0.0009486628021677102,1e-08,DIFFERENCE,brier,
freshness_180_hospital_CI.csv,freshness_180,corrected_primary_source_intercept_recalibrated,ci_high,0.4401621548214296,0.4391700697217749,-0.0009920850996547048,1e-08,DIFFERENCE,brier,
freshness_180_hospital_CI.csv,freshness_180,corrected_primary_source_intercept_recalibrated,valid_replicates,1000.0,1000.0,0.0,1e-08,match,brier,
freshness_180_hospital_CI.csv,freshness_180,corrected_primary_source_intercept_recalibrated,attempted_replicates,1000.0,1000.0,0.0,1e-08,match,brier,
freshness_180_hospital_CI.csv,freshness_180,corrected_primary_source_intercept_recalibrated,estimate,-0.4810829258590108,-0.4813465524650274,-0.00026362660601658705,1e-08,DIFFERENCE,calibration_intercept,
freshness_180_hospital_CI.csv,freshness_180,corrected_primary_source_intercept_recalibrated,ci_low,-0.6806421502182574,-0.6804884525650763,0.00015369765318107298,1e-08,DIFFERENCE,calibration_intercept,
freshness_180_hospital_CI.csv,freshness_180,corrected_primary_source_intercept_recalibrated,ci_high,-0.3271851714503747,-0.3275076981781268,-0.000322526727752126,1e-08,DIFFERENCE,calibration_intercept,
freshness_180_hospital_CI.csv,freshness_180,corrected_primary_source_intercept_recalibrated,valid_replicates,1000.0,999.0,-1.0,1e-08,DIFFERENCE,calibration_intercept,
freshness_180_hospital_CI.csv,freshness_180,corrected_primary_source_intercept_recalibrated,attempted_replicates,1000.0,1000.0,0.0,1e-08,match,calibration_intercept,
freshness_180_hospital_CI.csv,freshness_180,corrected_primary_source_intercept_recalibrated,estimate,0.0502433558521805,0.0506603092222457,0.0004169533700651984,1e-08,DIFFERENCE,calibration_slope,
freshness_180_hospital_CI.csv,freshness_180,corrected_primary_source_intercept_recalibrated,ci_low,-0.0129775458383438,-0.0130914628776687,-0.00011391703932489908,1e-08,DIFFERENCE,calibration_slope,
freshness_180_hospital_CI.csv,freshness_180,corrected_primary_source_intercept_recalibrated,ci_high,0.129346889679218,0.1301127104607785,0.0007658207815604834,1e-08,DIFFERENCE,calibration_slope,
freshness_180_hospital_CI.csv,freshness_180,corrected_primary_source_intercept_recalibrated,valid_replicates,1000.0,999.0,-1.0,1e-08,DIFFERENCE,calibration_slope,
freshness_180_hospital_CI.csv,freshness_180,corrected_primary_source_intercept_recalibrated,attempted_replicates,1000.0,1000.0,0.0,1e-08,match,calibration_slope,
freshness_180_hospital_CI.csv,freshness_180,corrected_primary_source_intercept_recalibrated,estimate,0.6482605956135872,0.6469560759710503,-0.001304519642536861,1e-08,DIFFERENCE,mean_predicted_risk,
freshness_180_hospital_CI.csv,freshness_180,corrected_primary_source_intercept_recalibrated,ci_low,0.3986863089888429,0.39832563879721,-0.0003606701916328836,1e-08,DIFFERENCE,mean_predicted_risk,
freshness_180_hospital_CI.csv,freshness_180,corrected_primary_source_intercept_recalibrated,ci_high,0.7536922213315307,0.7520272173586977,-0.001665003972832979,1e-08,DIFFERENCE,mean_predicted_risk,
freshness_180_hospital_CI.csv,freshness_180,corrected_primary_source_intercept_recalibrated,valid_replicates,1000.0,1000.0,0.0,1e-08,match,mean_predicted_risk,
freshness_180_hospital_CI.csv,freshness_180,corrected_primary_source_intercept_recalibrated,attempted_replicates,1000.0,1000.0,0.0,1e-08,match,mean_predicted_risk,
freshness_180_hospital_CI.csv,freshness_180,corrected_primary_source_logistic_recalibrated,estimate,0.3726385051297816,0.3725001763964574,-0.00013832873332420004,1e-08,DIFFERENCE,auprc,
freshness_180_hospital_CI.csv,freshness_180,corrected_primary_source_logistic_recalibrated,ci_low,0.3089169510105333,0.3089400281068254,2.30770962921234e-05,1e-08,DIFFERENCE,auprc,
freshness_180_hospital_CI.csv,freshness_180,corrected_primary_source_logistic_recalibrated,ci_high,0.4238577294300383,0.4235322964790246,-0.0003254329510137266,1e-08,DIFFERENCE,auprc,
freshness_180_hospital_CI.csv,freshness_180,corrected_primary_source_logistic_recalibrated,valid_replicates,1000.0,1000.0,0.0,1e-08,match,auprc,
freshness_180_hospital_CI.csv,freshness_180,corrected_primary_source_logistic_recalibrated,attempted_replicates,1000.0,1000.0,0.0,1e-08,match,auprc,
freshness_180_hospital_CI.csv,freshness_180,corrected_primary_source_logistic_recalibrated,estimate,0.5008618240886038,0.5007983938356825,-6.343025292132598e-05,1e-08,DIFFERENCE,auroc,
freshness_180_hospital_CI.csv,freshness_180,corrected_primary_source_logistic_recalibrated,ci_low,0.4425049010457871,0.4432071271157991,0.0007022260700120242,1e-08,DIFFERENCE,auroc,
freshness_180_hospital_CI.csv,freshness_180,corrected_primary_source_logistic_recalibrated,ci_high,0.5387711963787242,0.5385537508211757,-0.00021744555754843464,1e-08,DIFFERENCE,auroc,
freshness_180_hospital_CI.csv,freshness_180,corrected_primary_source_logistic_recalibrated,valid_replicates,1000.0,1000.0,0.0,1e-08,match,auroc,
freshness_180_hospital_CI.csv,freshness_180,corrected_primary_source_logistic_recalibrated,attempted_replicates,1000.0,1000.0,0.0,1e-08,match,auroc,
freshness_180_hospital_CI.csv,freshness_180,corrected_primary_source_logistic_recalibrated,estimate,0.2398701453432018,0.2398748332847934,4.687941591585698e-06,1e-08,DIFFERENCE,brier,
freshness_180_hospital_CI.csv,freshness_180,corrected_primary_source_logistic_recalibrated,ci_low,0.2277595611255536,0.2277730360978601,1.3474972306498634e-05,1e-08,DIFFERENCE,brier,
freshness_180_hospital_CI.csv,freshness_180,corrected_primary_source_logistic_recalibrated,ci_high,0.2497188817068893,0.2497176254055601,-1.256301329188858e-06,1e-08,DIFFERENCE,brier,
freshness_180_hospital_CI.csv,freshness_180,corrected_primary_source_logistic_recalibrated,valid_replicates,1000.0,1000.0,0.0,1e-08,match,brier,
freshness_180_hospital_CI.csv,freshness_180,corrected_primary_source_logistic_recalibrated,attempted_replicates,1000.0,1000.0,0.0,1e-08,match,brier,
freshness_180_hospital_CI.csv,freshness_180,corrected_primary_source_logistic_recalibrated,estimate,-1.057601285714881,-1.0550990987581823,0.002502186956698793,1e-08,DIFFERENCE,calibration_intercept,
freshness_180_hospital_CI.csv,freshness_180,corrected_primary_source_logistic_recalibrated,ci_low,-2.016664756437094,-2.011597861028223,0.005066895408870842,1e-08,DIFFERENCE,calibration_intercept,
freshness_180_hospital_CI.csv,freshness_180,corrected_primary_source_logistic_recalibrated,ci_high,-0.347658765160976,-0.3483635346137305,-0.0007047694527544945,1e-08,DIFFERENCE,calibration_intercept,
freshness_180_hospital_CI.csv,freshness_180,corrected_primary_source_logistic_recalibrated,valid_replicates,1000.0,1000.0,0.0,1e-08,match,calibration_intercept,
freshness_180_hospital_CI.csv,freshness_180,corrected_primary_source_logistic_recalibrated,attempted_replicates,1000.0,1000.0,0.0,1e-08,match,calibration_intercept,
freshness_180_hospital_CI.csv,freshness_180,corrected_primary_source_logistic_recalibrated,estimate,-1.1691639961506044,-1.1651484276262665,0.004015568524337931,1e-08,DIFFERENCE,calibration_slope,
freshness_180_hospital_CI.csv,freshness_180,corrected_primary_source_logistic_recalibrated,ci_low,-2.981549187266917,-2.972872528045209,0.008676659221707794,1e-08,DIFFERENCE,calibration_slope,
freshness_180_hospital_CI.csv,freshness_180,corrected_primary_source_logistic_recalibrated,ci_high,0.2677251277955549,0.2614409850290181,-0.006284142766536827,1e-08,DIFFERENCE,calibration_slope,
freshness_180_hospital_CI.csv,freshness_180,corrected_primary_source_logistic_recalibrated,valid_replicates,1000.0,1000.0,0.0,1e-08,match,calibration_slope,
freshness_180_hospital_CI.csv,freshness_180,corrected_primary_source_logistic_recalibrated,attempted_replicates,1000.0,1000.0,0.0,1e-08,match,calibration_slope,
freshness_180_hospital_CI.csv,freshness_180,corrected_primary_source_logistic_recalibrated,estimate,0.3752276214375046,0.3753184186437343,9.07972062296758e-05,1e-08,DIFFERENCE,mean_predicted_risk,
freshness_180_hospital_CI.csv,freshness_180,corrected_primary_source_logistic_recalibrated,ci_low,0.3670712399571352,0.3671639053917986,9.266543466340815e-05,1e-08,DIFFERENCE,mean_predicted_risk,
freshness_180_hospital_CI.csv,freshness_180,corrected_primary_source_logistic_recalibrated,ci_high,0.3946162218883901,0.3946921865150669,7.596462667680548e-05,1e-08,DIFFERENCE,mean_predicted_risk,
freshness_180_hospital_CI.csv,freshness_180,corrected_primary_source_logistic_recalibrated,valid_replicates,1000.0,1000.0,0.0,1e-08,match,mean_predicted_risk,
freshness_180_hospital_CI.csv,freshness_180,corrected_primary_source_logistic_recalibrated,attempted_replicates,1000.0,1000.0,0.0,1e-08,match,mean_predicted_risk,
freshness_180_hospital_CI.csv,freshness_180,corrected_primary_source_raw,estimate,0.3760770635927067,0.3766824169789304,0.0006053533862236948,1e-08,DIFFERENCE,auprc,
freshness_180_hospital_CI.csv,freshness_180,corrected_primary_source_raw,ci_low,0.3354483646945711,0.335837887964659,0.0003895232700878992,1e-08,DIFFERENCE,auprc,
freshness_180_hospital_CI.csv,freshness_180,corrected_primary_source_raw,ci_high,0.4247135251456693,0.4242466507745326,-0.00046687437113668295,1e-08,DIFFERENCE,auprc,
freshness_180_hospital_CI.csv,freshness_180,corrected_primary_source_raw,valid_replicates,1000.0,1000.0,0.0,1e-08,match,auprc,
freshness_180_hospital_CI.csv,freshness_180,corrected_primary_source_raw,attempted_replicates,1000.0,1000.0,0.0,1e-08,match,auprc,
freshness_180_hospital_CI.csv,freshness_180,corrected_primary_source_raw,estimate,0.4991381759113962,0.4992016061643174,6.343025292121496e-05,1e-08,DIFFERENCE,auroc,
freshness_180_hospital_CI.csv,freshness_180,corrected_primary_source_raw,ci_low,0.4612288036212758,0.4614462491788243,0.00021744555754854566,1e-08,DIFFERENCE,auroc,
freshness_180_hospital_CI.csv,freshness_180,corrected_primary_source_raw,ci_high,0.557495098954213,0.556792872884201,-0.0007022260700120242,1e-08,DIFFERENCE,auroc,
freshness_180_hospital_CI.csv,freshness_180,corrected_primary_source_raw,valid_replicates,1000.0,1000.0,0.0,1e-08,match,auroc,
freshness_180_hospital_CI.csv,freshness_180,corrected_primary_source_raw,attempted_replicates,1000.0,1000.0,0.0,1e-08,match,auroc,
freshness_180_hospital_CI.csv,freshness_180,corrected_primary_source_raw,estimate,0.5132324154069382,0.5123365539771378,-0.0008958614298003598,1e-08,DIFFERENCE,brier,
freshness_180_hospital_CI.csv,freshness_180,corrected_primary_source_raw,ci_low,0.4132377165883926,0.4122991284406253,-0.0009385881477673164,1e-08,DIFFERENCE,brier,
freshness_180_hospital_CI.csv,freshness_180,corrected_primary_source_raw,ci_high,0.5767247322123017,0.5756990874673908,-0.0010256447449108475,1e-08,DIFFERENCE,brier,
freshness_180_hospital_CI.csv,freshness_180,corrected_primary_source_raw,valid_replicates,1000.0,1000.0,0.0,1e-08,match,brier,
freshness_180_hospital_CI.csv,freshness_180,corrected_primary_source_raw,attempted_replicates,1000.0,1000.0,0.0,1e-08,match,brier,
freshness_180_hospital_CI.csv,freshness_180,corrected_primary_source_raw,estimate,-0.6532932523632996,-0.6516041069728884,0.0016891453904112064,1e-08,DIFFERENCE,calibration_intercept,
freshness_180_hospital_CI.csv,freshness_180,corrected_primary_source_raw,ci_low,-1.00262097383844,-0.9977319074857024,0.004889066352737559,1e-08,DIFFERENCE,calibration_intercept,
freshness_180_hospital_CI.csv,freshness_180,corrected_primary_source_raw,ci_high,-0.3940436152443154,-0.3949228671842451,-0.0008792519399296594,1e-08,DIFFERENCE,calibration_intercept,
freshness_180_hospital_CI.csv,freshness_180,corrected_primary_source_raw,valid_replicates,1000.0,1000.0,0.0,1e-08,match,calibration_intercept,
freshness_180_hospital_CI.csv,freshness_180,corrected_primary_source_raw,attempted_replicates,1000.0,1000.0,0.0,1e-08,match,calibration_intercept,
freshness_180_hospital_CI.csv,freshness_180,corrected_primary_source_raw,estimate,0.0504417848300549,0.0508532799383209,0.00041149510826599817,1e-08,DIFFERENCE,calibration_slope,
freshness_180_hospital_CI.csv,freshness_180,corrected_primary_source_raw,ci_low,-0.0115505912709851,-0.011410677638244,0.0001399136327410993,1e-08,DIFFERENCE,calibration_slope,
freshness_180_hospital_CI.csv,freshness_180,corrected_primary_source_raw,ci_high,0.1286343686765572,0.1297520163470644,0.0011176476705072047,1e-08,DIFFERENCE,calibration_slope,
freshness_180_hospital_CI.csv,freshness_180,corrected_primary_source_raw,valid_replicates,1000.0,1000.0,0.0,1e-08,match,calibration_slope,
freshness_180_hospital_CI.csv,freshness_180,corrected_primary_source_raw,attempted_replicates,1000.0,1000.0,0.0,1e-08,match,calibration_slope,
freshness_180_hospital_CI.csv,freshness_180,corrected_primary_source_raw,estimate,0.8576516581495309,0.8566648594732853,-0.000986798676245626,1e-08,DIFFERENCE,mean_predicted_risk,
freshness_180_hospital_CI.csv,freshness_180,corrected_primary_source_raw,ci_low,0.6598843895946641,0.6589475698491514,-0.0009368197455127403,1e-08,DIFFERENCE,mean_predicted_risk,
freshness_180_hospital_CI.csv,freshness_180,corrected_primary_source_raw,ci_high,0.9461053263492726,0.9449075153241392,-0.0011978110251333884,1e-08,DIFFERENCE,mean_predicted_risk,
freshness_180_hospital_CI.csv,freshness_180,corrected_primary_source_raw,valid_replicates,1000.0,1000.0,0.0,1e-08,match,mean_predicted_risk,
freshness_180_hospital_CI.csv,freshness_180,corrected_primary_source_raw,attempted_replicates,1000.0,1000.0,0.0,1e-08,match,mean_predicted_risk,
freshness_180_hospital_CI.csv,freshness_180,corrected_strict_source_intercept_recalibrated,estimate,0.3770093638264902,0.3770012660262516,-8.097800238582309e-06,1e-08,DIFFERENCE,auprc,
freshness_180_hospital_CI.csv,freshness_180,corrected_strict_source_intercept_recalibrated,ci_low,0.3376405716390573,0.3371689863757598,-0.0004715852632974915,1e-08,DIFFERENCE,auprc,
freshness_180_hospital_CI.csv,freshness_180,corrected_strict_source_intercept_recalibrated,ci_high,0.4246312728621476,0.4245007515623638,-0.00013052129978380345,1e-08,DIFFERENCE,auprc,
freshness_180_hospital_CI.csv,freshness_180,corrected_strict_source_intercept_recalibrated,valid_replicates,1000.0,1000.0,0.0,1e-08,match,auprc,
freshness_180_hospital_CI.csv,freshness_180,corrected_strict_source_intercept_recalibrated,attempted_replicates,1000.0,1000.0,0.0,1e-08,match,auprc,
freshness_180_hospital_CI.csv,freshness_180,corrected_strict_source_intercept_recalibrated,estimate,0.500106176727716,0.4998414243676968,-0.00026475236001916036,1e-08,DIFFERENCE,auroc,
freshness_180_hospital_CI.csv,freshness_180,corrected_strict_source_intercept_recalibrated,ci_low,0.46222332690171,0.461935756142919,-0.00028757075879098926,1e-08,DIFFERENCE,auroc,
freshness_180_hospital_CI.csv,freshness_180,corrected_strict_source_intercept_recalibrated,ci_high,0.5584555691906159,0.5581589382062505,-0.00029663098436538693,1e-08,DIFFERENCE,auroc,
freshness_180_hospital_CI.csv,freshness_180,corrected_strict_source_intercept_recalibrated,valid_replicates,1000.0,1000.0,0.0,1e-08,match,auroc,
freshness_180_hospital_CI.csv,freshness_180,corrected_strict_source_intercept_recalibrated,attempted_replicates,1000.0,1000.0,0.0,1e-08,match,auroc,
freshness_180_hospital_CI.csv,freshness_180,corrected_strict_source_intercept_recalibrated,estimate,0.401210095458226,0.4014864248855526,0.0002763294273265826,1e-08,DIFFERENCE,brier,
freshness_180_hospital_CI.csv,freshness_180,corrected_strict_source_intercept_recalibrated,ci_low,0.3482741263518194,0.3483655154030277,9.138905120825713e-05,1e-08,DIFFERENCE,brier,
freshness_180_hospital_CI.csv,freshness_180,corrected_strict_source_intercept_recalibrated,ci_high,0.4388705503733981,0.4393469661926114,0.0004764158192132606,1e-08,DIFFERENCE,brier,
freshness_180_hospital_CI.csv,freshness_180,corrected_strict_source_intercept_recalibrated,valid_replicates,1000.0,1000.0,0.0,1e-08,match,brier,
freshness_180_hospital_CI.csv,freshness_180,corrected_strict_source_intercept_recalibrated,attempted_replicates,1000.0,1000.0,0.0,1e-08,match,brier,
freshness_180_hospital_CI.csv,freshness_180,corrected_strict_source_intercept_recalibrated,estimate,-0.4820704671836799,-0.4818791044898769,0.00019136269380298776,1e-08,DIFFERENCE,calibration_intercept,
freshness_180_hospital_CI.csv,freshness_180,corrected_strict_source_intercept_recalibrated,ci_low,-0.6825263562517851,-0.682308546036102,0.00021781021568312298,1e-08,DIFFERENCE,calibration_intercept,
freshness_180_hospital_CI.csv,freshness_180,corrected_strict_source_intercept_recalibrated,ci_high,-0.327441033579019,-0.3274140063453556,2.7027233663379224e-05,1e-08,DIFFERENCE,calibration_intercept,
freshness_180_hospital_CI.csv,freshness_180,corrected_strict_source_intercept_recalibrated,valid_replicates,1000.0,1000.0,0.0,1e-08,match,calibration_intercept,
freshness_180_hospital_CI.csv,freshness_180,corrected_strict_source_intercept_recalibrated,attempted_replicates,1000.0,1000.0,0.0,1e-08,match,calibration_intercept,
freshness_180_hospital_CI.csv,freshness_180,corrected_strict_source_intercept_recalibrated,estimate,0.0519175957720694,0.0514954206433079,-0.0004221751287614983,1e-08,DIFFERENCE,calibration_slope,
freshness_180_hospital_CI.csv,freshness_180,corrected_strict_source_intercept_recalibrated,ci_low,-0.0110495553293848,-0.0111842691141933,-0.00013471378480850102,1e-08,DIFFERENCE,calibration_slope,
freshness_180_hospital_CI.csv,freshness_180,corrected_strict_source_intercept_recalibrated,ci_high,0.1314237149273856,0.1309655617821541,-0.0004581531452315102,1e-08,DIFFERENCE,calibration_slope,
freshness_180_hospital_CI.csv,freshness_180,corrected_strict_source_intercept_recalibrated,valid_replicates,1000.0,1000.0,0.0,1e-08,match,calibration_slope,
freshness_180_hospital_CI.csv,freshness_180,corrected_strict_source_intercept_recalibrated,attempted_replicates,1000.0,1000.0,0.0,1e-08,match,calibration_slope,
freshness_180_hospital_CI.csv,freshness_180,corrected_strict_source_intercept_recalibrated,estimate,0.6486505282772599,0.648683117265271,3.2588988011061915e-05,1e-08,DIFFERENCE,mean_predicted_risk,
freshness_180_hospital_CI.csv,freshness_180,corrected_strict_source_intercept_recalibrated,ci_low,0.3989611695761951,0.3988638820302004,-9.728754599469536e-05,1e-08,DIFFERENCE,mean_predicted_risk,
freshness_180_hospital_CI.csv,freshness_180,corrected_strict_source_intercept_recalibrated,ci_high,0.7536684341494047,0.7537490178825379,8.058373313324374e-05,1e-08,DIFFERENCE,mean_predicted_risk,
freshness_180_hospital_CI.csv,freshness_180,corrected_strict_source_intercept_recalibrated,valid_replicates,1000.0,1000.0,0.0,1e-08,match,mean_predicted_risk,
freshness_180_hospital_CI.csv,freshness_180,corrected_strict_source_intercept_recalibrated,attempted_replicates,1000.0,1000.0,0.0,1e-08,match,mean_predicted_risk,
freshness_180_hospital_CI.csv,freshness_180,corrected_strict_source_logistic_recalibrated,estimate,0.3721056792299381,0.3720736327501943,-3.204647974380803e-05,1e-08,DIFFERENCE,auprc,
freshness_180_hospital_CI.csv,freshness_180,corrected_strict_source_logistic_recalibrated,ci_low,0.308958966695473,0.308870478420567,-8.848827490604005e-05,1e-08,DIFFERENCE,auprc,
freshness_180_hospital_CI.csv,freshness_180,corrected_strict_source_logistic_recalibrated,ci_high,0.423433465196222,0.4235650035181659,0.00013153832194390258,1e-08,DIFFERENCE,auprc,
freshness_180_hospital_CI.csv,freshness_180,corrected_strict_source_logistic_recalibrated,valid_replicates,1000.0,1000.0,0.0,1e-08,match,auprc,
freshness_180_hospital_CI.csv,freshness_180,corrected_strict_source_logistic_recalibrated,attempted_replicates,1000.0,1000.0,0.0,1e-08,match,auprc,
freshness_180_hospital_CI.csv,freshness_180,corrected_strict_source_logistic_recalibrated,estimate,0.499893823272284,0.5001585756323031,0.00026475236001916036,1e-08,DIFFERENCE,auroc,
freshness_180_hospital_CI.csv,freshness_180,corrected_strict_source_logistic_recalibrated,ci_low,0.441544430809384,0.4418410617937493,0.0002966309843653314,1e-08,DIFFERENCE,auroc,
freshness_180_hospital_CI.csv,freshness_180,corrected_strict_source_logistic_recalibrated,ci_high,0.53777667309829,0.538064243857081,0.00028757075879093374,1e-08,DIFFERENCE,auroc,
freshness_180_hospital_CI.csv,freshness_180,corrected_strict_source_logistic_recalibrated,valid_replicates,1000.0,1000.0,0.0,1e-08,match,auroc,
freshness_180_hospital_CI.csv,freshness_180,corrected_strict_source_logistic_recalibrated,attempted_replicates,1000.0,1000.0,0.0,1e-08,match,auroc,
freshness_180_hospital_CI.csv,freshness_180,corrected_strict_source_logistic_recalibrated,estimate,0.2398705045392082,0.2398847728318059,1.4268292597707788e-05,1e-08,DIFFERENCE,brier,
freshness_180_hospital_CI.csv,freshness_180,corrected_strict_source_logistic_recalibrated,ci_low,0.2277909943582163,0.2277944353605822,3.441002365905943e-06,1e-08,DIFFERENCE,brier,
freshness_180_hospital_CI.csv,freshness_180,corrected_strict_source_logistic_recalibrated,ci_high,0.2496850097735547,0.2497125968977958,2.7587124241085226e-05,1e-08,DIFFERENCE,brier,
freshness_180_hospital_CI.csv,freshness_180,corrected_strict_source_logistic_recalibrated,valid_replicates,1000.0,1000.0,0.0,1e-08,match,brier,
freshness_180_hospital_CI.csv,freshness_180,corrected_strict_source_logistic_recalibrated,attempted_replicates,1000.0,1000.0,0.0,1e-08,match,brier,
freshness_180_hospital_CI.csv,freshness_180,corrected_strict_source_logistic_recalibrated,estimate,-1.077895782445919,-1.0720237285565335,0.005872053889385498,1e-08,DIFFERENCE,calibration_intercept,
freshness_180_hospital_CI.csv,freshness_180,corrected_strict_source_logistic_recalibrated,ci_low,-2.0443239200684804,-2.034474929661774,0.009848990406706282,1e-08,DIFFERENCE,calibration_intercept,
freshness_180_hospital_CI.csv,freshness_180,corrected_strict_source_logistic_recalibrated,ci_high,-0.3646575802630207,-0.3630951359898367,0.0015624442731839716,1e-08,DIFFERENCE,calibration_intercept,
freshness_180_hospital_CI.csv,freshness_180,corrected_strict_source_logistic_recalibrated,valid_replicates,1000.0,1000.0,0.0,1e-08,match,calibration_intercept,
freshness_180_hospital_CI.csv,freshness_180,corrected_strict_source_logistic_recalibrated,attempted_replicates,1000.0,1000.0,0.0,1e-08,match,calibration_intercept,
freshness_180_hospital_CI.csv,freshness_180,corrected_strict_source_logistic_recalibrated,estimate,-1.2101747500070847,-1.1977051588116576,0.012469591195427121,1e-08,DIFFERENCE,calibration_slope,
freshness_180_hospital_CI.csv,freshness_180,corrected_strict_source_logistic_recalibrated,ci_low,-3.043474836524453,-3.0242511203900966,0.019223716134356472,1e-08,DIFFERENCE,calibration_slope,
freshness_180_hospital_CI.csv,freshness_180,corrected_strict_source_logistic_recalibrated,ci_high,0.2274090424807612,0.2301570991937753,0.0027480567130141187,1e-08,DIFFERENCE,calibration_slope,
freshness_180_hospital_CI.csv,freshness_180,corrected_strict_source_logistic_recalibrated,valid_replicates,1000.0,1000.0,0.0,1e-08,match,calibration_slope,
freshness_180_hospital_CI.csv,freshness_180,corrected_strict_source_logistic_recalibrated,attempted_replicates,1000.0,1000.0,0.0,1e-08,match,calibration_slope,
freshness_180_hospital_CI.csv,freshness_180,corrected_strict_source_logistic_recalibrated,estimate,0.3753731669699957,0.3752760485387863,-9.711843120935315e-05,1e-08,DIFFERENCE,mean_predicted_risk,
freshness_180_hospital_CI.csv,freshness_180,corrected_strict_source_logistic_recalibrated,ci_low,0.3673020102372639,0.3671543255976239,-0.0001476846396399889,1e-08,DIFFERENCE,mean_predicted_risk,
freshness_180_hospital_CI.csv,freshness_180,corrected_strict_source_logistic_recalibrated,ci_high,0.3945264950732867,0.3945406565682519,1.4161494965192478e-05,1e-08,DIFFERENCE,mean_predicted_risk,
freshness_180_hospital_CI.csv,freshness_180,corrected_strict_source_logistic_recalibrated,valid_replicates,1000.0,1000.0,0.0,1e-08,match,mean_predicted_risk,
freshness_180_hospital_CI.csv,freshness_180,corrected_strict_source_logistic_recalibrated,attempted_replicates,1000.0,1000.0,0.0,1e-08,match,mean_predicted_risk,
freshness_180_hospital_CI.csv,freshness_180,corrected_strict_source_raw,estimate,0.3770093638264902,0.3770012660262517,-8.097800238471287e-06,1e-08,DIFFERENCE,auprc,
freshness_180_hospital_CI.csv,freshness_180,corrected_strict_source_raw,ci_low,0.3376405716390573,0.3371689863757598,-0.0004715852632974915,1e-08,DIFFERENCE,auprc,
freshness_180_hospital_CI.csv,freshness_180,corrected_strict_source_raw,ci_high,0.4246312728621476,0.4245007515623638,-0.00013052129978380345,1e-08,DIFFERENCE,auprc,
freshness_180_hospital_CI.csv,freshness_180,corrected_strict_source_raw,valid_replicates,1000.0,1000.0,0.0,1e-08,match,auprc,
freshness_180_hospital_CI.csv,freshness_180,corrected_strict_source_raw,attempted_replicates,1000.0,1000.0,0.0,1e-08,match,auprc,
freshness_180_hospital_CI.csv,freshness_180,corrected_strict_source_raw,estimate,0.500106176727716,0.4998414243676968,-0.00026475236001916036,1e-08,DIFFERENCE,auroc,
freshness_180_hospital_CI.csv,freshness_180,corrected_strict_source_raw,ci_low,0.46222332690171,0.461935756142919,-0.00028757075879098926,1e-08,DIFFERENCE,auroc,
freshness_180_hospital_CI.csv,freshness_180,corrected_strict_source_raw,ci_high,0.5584555691906159,0.5581589382062505,-0.00029663098436538693,1e-08,DIFFERENCE,auroc,
freshness_180_hospital_CI.csv,freshness_180,corrected_strict_source_raw,valid_replicates,1000.0,1000.0,0.0,1e-08,match,auroc,
freshness_180_hospital_CI.csv,freshness_180,corrected_strict_source_raw,attempted_replicates,1000.0,1000.0,0.0,1e-08,match,auroc,
freshness_180_hospital_CI.csv,freshness_180,corrected_strict_source_raw,estimate,0.5130668969813397,0.5132795716687786,0.00021267468743890738,1e-08,DIFFERENCE,brier,
freshness_180_hospital_CI.csv,freshness_180,corrected_strict_source_raw,ci_low,0.4129562908544041,0.4132451247631793,0.0002888339087752101,1e-08,DIFFERENCE,brier,
freshness_180_hospital_CI.csv,freshness_180,corrected_strict_source_raw,ci_high,0.5766951162863255,0.5768447915113522,0.00014967522502662423,1e-08,DIFFERENCE,brier,
freshness_180_hospital_CI.csv,freshness_180,corrected_strict_source_raw,valid_replicates,1000.0,1000.0,0.0,1e-08,match,brier,
freshness_180_hospital_CI.csv,freshness_180,corrected_strict_source_raw,attempted_replicates,1000.0,1000.0,0.0,1e-08,match,brier,
freshness_180_hospital_CI.csv,freshness_180,corrected_strict_source_raw,estimate,-0.6587148556299323,-0.658086749533124,0.0006281060968083008,1e-08,DIFFERENCE,calibration_intercept,
freshness_180_hospital_CI.csv,freshness_180,corrected_strict_source_raw,ci_low,-1.0155236790910878,-1.0157716516085786,-0.0002479725174908687,1e-08,DIFFERENCE,calibration_intercept,
freshness_180_hospital_CI.csv,freshness_180,corrected_strict_source_raw,ci_high,-0.402331654935442,-0.4014069421314731,0.0009247128039688857,1e-08,DIFFERENCE,calibration_intercept,
freshness_180_hospital_CI.csv,freshness_180,corrected_strict_source_raw,valid_replicates,1000.0,1000.0,0.0,1e-08,match,calibration_intercept,
freshness_180_hospital_CI.csv,freshness_180,corrected_strict_source_raw,attempted_replicates,1000.0,1000.0,0.0,1e-08,match,calibration_intercept,
freshness_180_hospital_CI.csv,freshness_180,corrected_strict_source_raw,estimate,0.0520927072109563,0.0516761658377751,-0.00041654137318120066,1e-08,DIFFERENCE,calibration_slope,
freshness_180_hospital_CI.csv,freshness_180,corrected_strict_source_raw,ci_low,-0.0097889615431227,-0.0099303553770448,-0.00014139383392209985,1e-08,DIFFERENCE,calibration_slope,
freshness_180_hospital_CI.csv,freshness_180,corrected_strict_source_raw,ci_high,0.1310082563109224,0.1304842948080632,-0.0005239615028591882,1e-08,DIFFERENCE,calibration_slope,
freshness_180_hospital_CI.csv,freshness_180,corrected_strict_source_raw,valid_replicates,1000.0,1000.0,0.0,1e-08,match,calibration_slope,
freshness_180_hospital_CI.csv,freshness_180,corrected_strict_source_raw,attempted_replicates,1000.0,1000.0,0.0,1e-08,match,calibration_slope,
freshness_180_hospital_CI.csv,freshness_180,corrected_strict_source_raw,estimate,0.8582673251665305,0.8585421533121662,0.00027482814563573044,1e-08,DIFFERENCE,mean_predicted_risk,
freshness_180_hospital_CI.csv,freshness_180,corrected_strict_source_raw,ci_low,0.6615402197564596,0.6620789670891324,0.0005387473326727843,1e-08,DIFFERENCE,mean_predicted_risk,
freshness_180_hospital_CI.csv,freshness_180,corrected_strict_source_raw,ci_high,0.9462540043178104,0.9464815400068334,0.00022753568902300625,1e-08,DIFFERENCE,mean_predicted_risk,
freshness_180_hospital_CI.csv,freshness_180,corrected_strict_source_raw,valid_replicates,1000.0,1000.0,0.0,1e-08,match,mean_predicted_risk,
freshness_180_hospital_CI.csv,freshness_180,corrected_strict_source_raw,attempted_replicates,1000.0,1000.0,0.0,1e-08,match,mean_predicted_risk,
freshness_180_hospital_CI.csv,freshness_180,source_trained__corrected_primary__harmonized_dynamic_vitals,estimate,0.4231038150872291,0.4215879771346281,-0.001515837952601018,1e-08,DIFFERENCE,auprc,
freshness_180_hospital_CI.csv,freshness_180,source_trained__corrected_primary__harmonized_dynamic_vitals,ci_low,0.3502231834178453,0.3490815163661506,-0.001141667051694717,1e-08,DIFFERENCE,auprc,
freshness_180_hospital_CI.csv,freshness_180,source_trained__corrected_primary__harmonized_dynamic_vitals,ci_high,0.4706670931766251,0.4699280630070845,-0.0007390301695405777,1e-08,DIFFERENCE,auprc,
freshness_180_hospital_CI.csv,freshness_180,source_trained__corrected_primary__harmonized_dynamic_vitals,valid_replicates,1000.0,1000.0,0.0,1e-08,match,auprc,
freshness_180_hospital_CI.csv,freshness_180,source_trained__corrected_primary__harmonized_dynamic_vitals,attempted_replicates,1000.0,1000.0,0.0,1e-08,match,auprc,
freshness_180_hospital_CI.csv,freshness_180,source_trained__corrected_primary__harmonized_dynamic_vitals,estimate,0.528481562480178,0.5271660741913333,-0.0013154882888446462,1e-08,DIFFERENCE,auroc,
freshness_180_hospital_CI.csv,freshness_180,source_trained__corrected_primary__harmonized_dynamic_vitals,ci_low,0.4872765637928933,0.4853084506787382,-0.0019681131141551234,1e-08,DIFFERENCE,auroc,
freshness_180_hospital_CI.csv,freshness_180,source_trained__corrected_primary__harmonized_dynamic_vitals,ci_high,0.5566711442446252,0.5549235119004412,-0.001747632344183958,1e-08,DIFFERENCE,auroc,
freshness_180_hospital_CI.csv,freshness_180,source_trained__corrected_primary__harmonized_dynamic_vitals,valid_replicates,1000.0,1000.0,0.0,1e-08,match,auroc,
freshness_180_hospital_CI.csv,freshness_180,source_trained__corrected_primary__harmonized_dynamic_vitals,attempted_replicates,1000.0,1000.0,0.0,1e-08,match,auroc,
freshness_180_hospital_CI.csv,freshness_180,source_trained__corrected_primary__harmonized_dynamic_vitals,estimate,0.2441893852041742,0.2443940835306063,0.00020469832643210673,1e-08,DIFFERENCE,brier,
freshness_180_hospital_CI.csv,freshness_180,source_trained__corrected_primary__harmonized_dynamic_vitals,ci_low,0.2305379369165265,0.2309597174124752,0.00042178049594870926,1e-08,DIFFERENCE,brier,
freshness_180_hospital_CI.csv,freshness_180,source_trained__corrected_primary__harmonized_dynamic_vitals,ci_high,0.2536741128976719,0.2537737274565937,9.961455892182336e-05,1e-08,DIFFERENCE,brier,
freshness_180_hospital_CI.csv,freshness_180,source_trained__corrected_primary__harmonized_dynamic_vitals,valid_replicates,1000.0,1000.0,0.0,1e-08,match,brier,
freshness_180_hospital_CI.csv,freshness_180,source_trained__corrected_primary__harmonized_dynamic_vitals,attempted_replicates,1000.0,1000.0,0.0,1e-08,match,brier,
freshness_180_hospital_CI.csv,freshness_180,source_trained__corrected_primary__harmonized_dynamic_vitals,estimate,-0.3089710853521403,-0.3107671825201999,-0.0017960971680596183,1e-08,DIFFERENCE,calibration_intercept,
freshness_180_hospital_CI.csv,freshness_180,source_trained__corrected_primary__harmonized_dynamic_vitals,ci_low,-0.6288791247443638,-0.6334142180582996,-0.004535093313935756,1e-08,DIFFERENCE,calibration_intercept,
freshness_180_hospital_CI.csv,freshness_180,source_trained__corrected_primary__harmonized_dynamic_vitals,ci_high,-0.1041044921195995,-0.1063956859853258,-0.002291193865726293,1e-08,DIFFERENCE,calibration_intercept,
freshness_180_hospital_CI.csv,freshness_180,source_trained__corrected_primary__harmonized_dynamic_vitals,valid_replicates,1000.0,1000.0,0.0,1e-08,match,calibration_intercept,
freshness_180_hospital_CI.csv,freshness_180,source_trained__corrected_primary__harmonized_dynamic_vitals,attempted_replicates,1000.0,1000.0,0.0,1e-08,match,calibration_intercept,
freshness_180_hospital_CI.csv,freshness_180,source_trained__corrected_primary__harmonized_dynamic_vitals,estimate,0.2176840384639985,0.2154952752353409,-0.002188763228657603,1e-08,DIFFERENCE,calibration_slope,
freshness_180_hospital_CI.csv,freshness_180,source_trained__corrected_primary__harmonized_dynamic_vitals,ci_low,0.0148769783000695,0.0110709561777163,-0.0038060221223531997,1e-08,DIFFERENCE,calibration_slope,
freshness_180_hospital_CI.csv,freshness_180,source_trained__corrected_primary__harmonized_dynamic_vitals,ci_high,0.3950837463082691,0.3893733837434722,-0.0057103625647969,1e-08,DIFFERENCE,calibration_slope,
freshness_180_hospital_CI.csv,freshness_180,source_trained__corrected_primary__harmonized_dynamic_vitals,valid_replicates,1000.0,1000.0,0.0,1e-08,match,calibration_slope,
freshness_180_hospital_CI.csv,freshness_180,source_trained__corrected_primary__harmonized_dynamic_vitals,attempted_replicates,1000.0,1000.0,0.0,1e-08,match,calibration_slope,
freshness_180_hospital_CI.csv,freshness_180,source_trained__corrected_primary__harmonized_dynamic_vitals,estimate,0.3524206565039887,0.353086830871382,0.0006661743673933018,1e-08,DIFFERENCE,mean_predicted_risk,
freshness_180_hospital_CI.csv,freshness_180,source_trained__corrected_primary__harmonized_dynamic_vitals,ci_low,0.3294897199972746,0.3296544065638578,0.00016468656658319425,1e-08,DIFFERENCE,mean_predicted_risk,
freshness_180_hospital_CI.csv,freshness_180,source_trained__corrected_primary__harmonized_dynamic_vitals,ci_high,0.3659334975227579,0.3669227619195682,0.0009892643968102965,1e-08,DIFFERENCE,mean_predicted_risk,
freshness_180_hospital_CI.csv,freshness_180,source_trained__corrected_primary__harmonized_dynamic_vitals,valid_replicates,1000.0,1000.0,0.0,1e-08,match,mean_predicted_risk,
freshness_180_hospital_CI.csv,freshness_180,source_trained__corrected_primary__harmonized_dynamic_vitals,attempted_replicates,1000.0,1000.0,0.0,1e-08,match,mean_predicted_risk,
freshness_180_hospital_CI.csv,freshness_180,source_trained__corrected_primary__harmonized_last_values,estimate,0.3897014271643076,0.3880920382229413,-0.0016093889413663076,1e-08,DIFFERENCE,auprc,
freshness_180_hospital_CI.csv,freshness_180,source_trained__corrected_primary__harmonized_last_values,ci_low,0.3345707118494692,0.3338606257629156,-0.0007100860865535963,1e-08,DIFFERENCE,auprc,
freshness_180_hospital_CI.csv,freshness_180,source_trained__corrected_primary__harmonized_last_values,ci_high,0.4359155222525041,0.4331882667984157,-0.002727255454088362,1e-08,DIFFERENCE,auprc,
freshness_180_hospital_CI.csv,freshness_180,source_trained__corrected_primary__harmonized_last_values,valid_replicates,1000.0,1000.0,0.0,1e-08,match,auprc,
freshness_180_hospital_CI.csv,freshness_180,source_trained__corrected_primary__harmonized_last_values,attempted_replicates,1000.0,1000.0,0.0,1e-08,match,auprc,
freshness_180_hospital_CI.csv,freshness_180,source_trained__corrected_primary__harmonized_last_values,estimate,0.501267226139883,0.5011486391452912,-0.00011858699459177391,1e-08,DIFFERENCE,auroc,
freshness_180_hospital_CI.csv,freshness_180,source_trained__corrected_primary__harmonized_last_values,ci_low,0.4721364442627059,0.4717601787412165,-0.00037626552148939396,1e-08,DIFFERENCE,auroc,
freshness_180_hospital_CI.csv,freshness_180,source_trained__corrected_primary__harmonized_last_values,ci_high,0.5313027010900008,0.5310160554597231,-0.0002866456302776932,1e-08,DIFFERENCE,auroc,
freshness_180_hospital_CI.csv,freshness_180,source_trained__corrected_primary__harmonized_last_values,valid_replicates,1000.0,1000.0,0.0,1e-08,match,auroc,
freshness_180_hospital_CI.csv,freshness_180,source_trained__corrected_primary__harmonized_last_values,attempted_replicates,1000.0,1000.0,0.0,1e-08,match,auroc,
freshness_180_hospital_CI.csv,freshness_180,source_trained__corrected_primary__harmonized_last_values,estimate,0.244286464479599,0.2443108018192316,2.433733963258522e-05,1e-08,DIFFERENCE,brier,
freshness_180_hospital_CI.csv,freshness_180,source_trained__corrected_primary__harmonized_last_values,ci_low,0.2320222430165633,0.2321185308882331,9.628787166979236e-05,1e-08,DIFFERENCE,brier,
freshness_180_hospital_CI.csv,freshness_180,source_trained__corrected_primary__harmonized_last_values,ci_high,0.2532154589130545,0.253256025879246,4.0566966191479814e-05,1e-08,DIFFERENCE,brier,
freshness_180_hospital_CI.csv,freshness_180,source_trained__corrected_primary__harmonized_last_values,valid_replicates,1000.0,1000.0,0.0,1e-08,match,brier,
freshness_180_hospital_CI.csv,freshness_180,source_trained__corrected_primary__harmonized_last_values,attempted_replicates,1000.0,1000.0,0.0,1e-08,match,brier,
freshness_180_hospital_CI.csv,freshness_180,source_trained__corrected_primary__harmonized_last_values,estimate,-0.3655434519063541,-0.3629964358914987,0.0025470160148554077,1e-08,DIFFERENCE,calibration_intercept,
freshness_180_hospital_CI.csv,freshness_180,source_trained__corrected_primary__harmonized_last_values,ci_low,-0.6763030599734763,-0.6737042338839857,0.00259882608949058,1e-08,DIFFERENCE,calibration_intercept,
freshness_180_hospital_CI.csv,freshness_180,source_trained__corrected_primary__harmonized_last_values,ci_high,-0.1611665762660936,-0.1583057864698145,0.0028607897962791007,1e-08,DIFFERENCE,calibration_intercept,
freshness_180_hospital_CI.csv,freshness_180,source_trained__corrected_primary__harmonized_last_values,valid_replicates,1000.0,1000.0,0.0,1e-08,match,calibration_intercept,
freshness_180_hospital_CI.csv,freshness_180,source_trained__corrected_primary__harmonized_last_values,attempted_replicates,1000.0,1000.0,0.0,1e-08,match,calibration_intercept,
freshness_180_hospital_CI.csv,freshness_180,source_trained__corrected_primary__harmonized_last_values,estimate,0.1612469310343201,0.1645655119129758,0.0033185808786556914,1e-08,DIFFERENCE,calibration_slope,
freshness_180_hospital_CI.csv,freshness_180,source_trained__corrected_primary__harmonized_last_values,ci_low,-0.0445481817473373,-0.0398839400768962,0.004664241670441105,1e-08,DIFFERENCE,calibration_slope,
freshness_180_hospital_CI.csv,freshness_180,source_trained__corrected_primary__harmonized_last_values,ci_high,0.3507712037141234,0.349994214483448,-0.0007769892306754289,1e-08,DIFFERENCE,calibration_slope,
freshness_180_hospital_CI.csv,freshness_180,source_trained__corrected_primary__harmonized_last_values,valid_replicates,1000.0,1000.0,0.0,1e-08,match,calibration_slope,
freshness_180_hospital_CI.csv,freshness_180,source_trained__corrected_primary__harmonized_last_values,attempted_replicates,1000.0,1000.0,0.0,1e-08,match,calibration_slope,
freshness_180_hospital_CI.csv,freshness_180,source_trained__corrected_primary__harmonized_last_values,estimate,0.3763259166159715,0.375579612822228,-0.0007463037937434636,1e-08,DIFFERENCE,mean_predicted_risk,
freshness_180_hospital_CI.csv,freshness_180,source_trained__corrected_primary__harmonized_last_values,ci_low,0.3657848684093993,0.3649115576164585,-0.0008733107929407846,1e-08,DIFFERENCE,mean_predicted_risk,
freshness_180_hospital_CI.csv,freshness_180,source_trained__corrected_primary__harmonized_last_values,ci_high,0.3839751805167334,0.3831936251633674,-0.0007815553533659925,1e-08,DIFFERENCE,mean_predicted_risk,
freshness_180_hospital_CI.csv,freshness_180,source_trained__corrected_primary__harmonized_last_values,valid_replicates,1000.0,1000.0,0.0,1e-08,match,mean_predicted_risk,
freshness_180_hospital_CI.csv,freshness_180,source_trained__corrected_primary__harmonized_last_values,attempted_replicates,1000.0,1000.0,0.0,1e-08,match,mean_predicted_risk,
freshness_180_hospital_CI.csv,freshness_180,source_trained__corrected_strict__harmonized_dynamic_vitals,estimate,0.4238728637367026,0.4215173357480951,-0.0023555279886074976,1e-08,DIFFERENCE,auprc,
freshness_180_hospital_CI.csv,freshness_180,source_trained__corrected_strict__harmonized_dynamic_vitals,ci_low,0.3521577785631354,0.3501060153106269,-0.0020517632525084983,1e-08,DIFFERENCE,auprc,
freshness_180_hospital_CI.csv,freshness_180,source_trained__corrected_strict__harmonized_dynamic_vitals,ci_high,0.4719619108345633,0.4682488761187131,-0.0037130347158502164,1e-08,DIFFERENCE,auprc,
freshness_180_hospital_CI.csv,freshness_180,source_trained__corrected_strict__harmonized_dynamic_vitals,valid_replicates,1000.0,1000.0,0.0,1e-08,match,auprc,
freshness_180_hospital_CI.csv,freshness_180,source_trained__corrected_strict__harmonized_dynamic_vitals,attempted_replicates,1000.0,1000.0,0.0,1e-08,match,auprc,
freshness_180_hospital_CI.csv,freshness_180,source_trained__corrected_strict__harmonized_dynamic_vitals,estimate,0.5293888908806601,0.5271467693317485,-0.0022421215489115687,1e-08,DIFFERENCE,auroc,
freshness_180_hospital_CI.csv,freshness_180,source_trained__corrected_strict__harmonized_dynamic_vitals,ci_low,0.4877961875216188,0.4861554124729666,-0.0016407750486521766,1e-08,DIFFERENCE,auroc,
freshness_180_hospital_CI.csv,freshness_180,source_trained__corrected_strict__harmonized_dynamic_vitals,ci_high,0.557837713009432,0.5555596068630707,-0.0022781061463612584,1e-08,DIFFERENCE,auroc,
freshness_180_hospital_CI.csv,freshness_180,source_trained__corrected_strict__harmonized_dynamic_vitals,valid_replicates,1000.0,1000.0,0.0,1e-08,match,auroc,
freshness_180_hospital_CI.csv,freshness_180,source_trained__corrected_strict__harmonized_dynamic_vitals,attempted_replicates,1000.0,1000.0,0.0,1e-08,match,auroc,
freshness_180_hospital_CI.csv,freshness_180,source_trained__corrected_strict__harmonized_dynamic_vitals,estimate,0.2435185414380965,0.2438982447918417,0.00037970335374518105,1e-08,DIFFERENCE,brier,
freshness_180_hospital_CI.csv,freshness_180,source_trained__corrected_strict__harmonized_dynamic_vitals,ci_low,0.2300915151219695,0.2306366923063583,0.0005451771843888176,1e-08,DIFFERENCE,brier,
freshness_180_hospital_CI.csv,freshness_180,source_trained__corrected_strict__harmonized_dynamic_vitals,ci_high,0.2528220904704801,0.2531118123574237,0.0002897218869435947,1e-08,DIFFERENCE,brier,
freshness_180_hospital_CI.csv,freshness_180,source_trained__corrected_strict__harmonized_dynamic_vitals,valid_replicates,1000.0,1000.0,0.0,1e-08,match,brier,
freshness_180_hospital_CI.csv,freshness_180,source_trained__corrected_strict__harmonized_dynamic_vitals,attempted_replicates,1000.0,1000.0,0.0,1e-08,match,brier,
freshness_180_hospital_CI.csv,freshness_180,source_trained__corrected_strict__harmonized_dynamic_vitals,estimate,-0.3048264410659484,-0.311551993469527,-0.006725552403578583,1e-08,DIFFERENCE,calibration_intercept,
freshness_180_hospital_CI.csv,freshness_180,source_trained__corrected_strict__harmonized_dynamic_vitals,ci_low,-0.6194276795866679,-0.625811695169935,-0.006384015583267066,1e-08,DIFFERENCE,calibration_intercept,
freshness_180_hospital_CI.csv,freshness_180,source_trained__corrected_strict__harmonized_dynamic_vitals,ci_high,-0.1011531711875294,-0.1111169177971238,-0.009963746609594398,1e-08,DIFFERENCE,calibration_intercept,
freshness_180_hospital_CI.csv,freshness_180,source_trained__corrected_strict__harmonized_dynamic_vitals,valid_replicates,1000.0,1000.0,0.0,1e-08,match,calibration_intercept,
freshness_180_hospital_CI.csv,freshness_180,source_trained__corrected_strict__harmonized_dynamic_vitals,attempted_replicates,1000.0,1000.0,0.0,1e-08,match,calibration_intercept,
freshness_180_hospital_CI.csv,freshness_180,source_trained__corrected_strict__harmonized_dynamic_vitals,estimate,0.2311325436828999,0.2228599016155665,-0.008272642067333386,1e-08,DIFFERENCE,calibration_slope,
freshness_180_hospital_CI.csv,freshness_180,source_trained__corrected_strict__harmonized_dynamic_vitals,ci_low,0.0217138308826899,0.0206517203205078,-0.001062110562182101,1e-08,DIFFERENCE,calibration_slope,
freshness_180_hospital_CI.csv,freshness_180,source_trained__corrected_strict__harmonized_dynamic_vitals,ci_high,0.4089757855860993,0.3968645420182962,-0.012111243567803132,1e-08,DIFFERENCE,calibration_slope,
freshness_180_hospital_CI.csv,freshness_180,source_trained__corrected_strict__harmonized_dynamic_vitals,valid_replicates,1000.0,1000.0,0.0,1e-08,match,calibration_slope,
freshness_180_hospital_CI.csv,freshness_180,source_trained__corrected_strict__harmonized_dynamic_vitals,attempted_replicates,1000.0,1000.0,0.0,1e-08,match,calibration_slope,
freshness_180_hospital_CI.csv,freshness_180,source_trained__corrected_strict__harmonized_dynamic_vitals,estimate,0.3562954270605006,0.3582191300426615,0.0019237029821608798,1e-08,DIFFERENCE,mean_predicted_risk,
freshness_180_hospital_CI.csv,freshness_180,source_trained__corrected_strict__harmonized_dynamic_vitals,ci_low,0.3336045431868117,0.3353165239641165,0.001711980777304778,1e-08,DIFFERENCE,mean_predicted_risk,
freshness_180_hospital_CI.csv,freshness_180,source_trained__corrected_strict__harmonized_dynamic_vitals,ci_high,0.3697826410982811,0.3718238054036911,0.002041164305410015,1e-08,DIFFERENCE,mean_predicted_risk,
freshness_180_hospital_CI.csv,freshness_180,source_trained__corrected_strict__harmonized_dynamic_vitals,valid_replicates,1000.0,1000.0,0.0,1e-08,match,mean_predicted_risk,
freshness_180_hospital_CI.csv,freshness_180,source_trained__corrected_strict__harmonized_dynamic_vitals,attempted_replicates,1000.0,1000.0,0.0,1e-08,match,mean_predicted_risk,
freshness_180_hospital_CI.csv,freshness_180,source_trained__corrected_strict__harmonized_last_values,estimate,0.3925930914055524,0.3903455865360338,-0.0022475048695185795,1e-08,DIFFERENCE,auprc,
freshness_180_hospital_CI.csv,freshness_180,source_trained__corrected_strict__harmonized_last_values,ci_low,0.3374294990676448,0.3353959412449284,-0.002033557822716414,1e-08,DIFFERENCE,auprc,
freshness_180_hospital_CI.csv,freshness_180,source_trained__corrected_strict__harmonized_last_values,ci_high,0.4392948183395468,0.4365124845884873,-0.002782333751059518,1e-08,DIFFERENCE,auprc,
freshness_180_hospital_CI.csv,freshness_180,source_trained__corrected_strict__harmonized_last_values,valid_replicates,1000.0,1000.0,0.0,1e-08,match,auprc,
freshness_180_hospital_CI.csv,freshness_180,source_trained__corrected_strict__harmonized_last_values,attempted_replicates,1000.0,1000.0,0.0,1e-08,match,auprc,
freshness_180_hospital_CI.csv,freshness_180,source_trained__corrected_strict__harmonized_last_values,estimate,0.5040305788975823,0.5036499973800548,-0.0003805815175275118,1e-08,DIFFERENCE,auroc,
freshness_180_hospital_CI.csv,freshness_180,source_trained__corrected_strict__harmonized_last_values,ci_low,0.4747833551774712,0.4747200396331968,-6.331554427441155e-05,1e-08,DIFFERENCE,auroc,
freshness_180_hospital_CI.csv,freshness_180,source_trained__corrected_strict__harmonized_last_values,ci_high,0.5335498295960415,0.5327430783681436,-0.0008067512278978617,1e-08,DIFFERENCE,auroc,
freshness_180_hospital_CI.csv,freshness_180,source_trained__corrected_strict__harmonized_last_values,valid_replicates,1000.0,1000.0,0.0,1e-08,match,auroc,
freshness_180_hospital_CI.csv,freshness_180,source_trained__corrected_strict__harmonized_last_values,attempted_replicates,1000.0,1000.0,0.0,1e-08,match,auroc,
freshness_180_hospital_CI.csv,freshness_180,source_trained__corrected_strict__harmonized_last_values,estimate,0.2439045655602552,0.24398055852658,7.599296632479491e-05,1e-08,DIFFERENCE,brier,
freshness_180_hospital_CI.csv,freshness_180,source_trained__corrected_strict__harmonized_last_values,ci_low,0.2319401379496071,0.2321025276932032,0.00016238974359608638,1e-08,DIFFERENCE,brier,
freshness_180_hospital_CI.csv,freshness_180,source_trained__corrected_strict__harmonized_last_values,ci_high,0.2526146169541745,0.2526762178193932,6.160086521872499e-05,1e-08,DIFFERENCE,brier,
freshness_180_hospital_CI.csv,freshness_180,source_trained__corrected_strict__harmonized_last_values,valid_replicates,1000.0,1000.0,0.0,1e-08,match,brier,
freshness_180_hospital_CI.csv,freshness_180,source_trained__corrected_strict__harmonized_last_values,attempted_replicates,1000.0,1000.0,0.0,1e-08,match,brier,
freshness_180_hospital_CI.csv,freshness_180,source_trained__corrected_strict__harmonized_last_values,estimate,-0.3618228806064389,-0.360252989217518,0.0015698913889208854,1e-08,DIFFERENCE,calibration_intercept,
freshness_180_hospital_CI.csv,freshness_180,source_trained__corrected_strict__harmonized_last_values,ci_low,-0.6710080795523072,-0.6678438385162913,0.00316424103601598,1e-08,DIFFERENCE,calibration_intercept,
freshness_180_hospital_CI.csv,freshness_180,source_trained__corrected_strict__harmonized_last_values,ci_high,-0.1590054269214839,-0.1580432600579696,0.0009621668635143021,1e-08,DIFFERENCE,calibration_intercept,
freshness_180_hospital_CI.csv,freshness_180,source_trained__corrected_strict__harmonized_last_values,valid_replicates,1000.0,1000.0,0.0,1e-08,match,calibration_intercept,
freshness_180_hospital_CI.csv,freshness_180,source_trained__corrected_strict__harmonized_last_values,attempted_replicates,1000.0,1000.0,0.0,1e-08,match,calibration_intercept,
freshness_180_hospital_CI.csv,freshness_180,source_trained__corrected_strict__harmonized_last_values,estimate,0.1715884944926024,0.1744262433155489,0.0028377488229464898,1e-08,DIFFERENCE,calibration_slope,
freshness_180_hospital_CI.csv,freshness_180,source_trained__corrected_strict__harmonized_last_values,ci_low,-0.0363987813833676,-0.0320729340261498,0.004325847357217798,1e-08,DIFFERENCE,calibration_slope,
freshness_180_hospital_CI.csv,freshness_180,source_trained__corrected_strict__harmonized_last_values,ci_high,0.3606422249165362,0.3625110490900108,0.0018688241734746147,1e-08,DIFFERENCE,calibration_slope,
freshness_180_hospital_CI.csv,freshness_180,source_trained__corrected_strict__harmonized_last_values,valid_replicates,1000.0,1000.0,0.0,1e-08,match,calibration_slope,
freshness_180_hospital_CI.csv,freshness_180,source_trained__corrected_strict__harmonized_last_values,attempted_replicates,1000.0,1000.0,0.0,1e-08,match,calibration_slope,
freshness_180_hospital_CI.csv,freshness_180,source_trained__corrected_strict__harmonized_last_values,estimate,0.3788295671995182,0.3790222705782449,0.00019270337872667742,1e-08,DIFFERENCE,mean_predicted_risk,
freshness_180_hospital_CI.csv,freshness_180,source_trained__corrected_strict__harmonized_last_values,ci_low,0.3683008467075641,0.3683133561058236,1.2509398259530347e-05,1e-08,DIFFERENCE,mean_predicted_risk,
freshness_180_hospital_CI.csv,freshness_180,source_trained__corrected_strict__harmonized_last_values,ci_high,0.3865187188870934,0.3866707404927864,0.00015202160569299794,1e-08,DIFFERENCE,mean_predicted_risk,
freshness_180_hospital_CI.csv,freshness_180,source_trained__corrected_strict__harmonized_last_values,valid_replicates,1000.0,1000.0,0.0,1e-08,match,mean_predicted_risk,
freshness_180_hospital_CI.csv,freshness_180,source_trained__corrected_strict__harmonized_last_values,attempted_replicates,1000.0,1000.0,0.0,1e-08,match,mean_predicted_risk,
freshness_180_hospital_CI.csv,freshness_180,target_native__harmonized_dynamic_vitals,estimate,0.484200336390777,0.4842047666226391,4.43023186214031e-06,1e-08,DIFFERENCE,auprc,
freshness_180_hospital_CI.csv,freshness_180,target_native__harmonized_dynamic_vitals,ci_low,0.4014979385661626,0.4014979385661626,0.0,1e-08,match,auprc,
freshness_180_hospital_CI.csv,freshness_180,target_native__harmonized_dynamic_vitals,ci_high,0.536058243665305,0.5360518622146024,-6.3814507025306e-06,1e-08,DIFFERENCE,auprc,
freshness_180_hospital_CI.csv,freshness_180,target_native__harmonized_dynamic_vitals,valid_replicates,1000.0,1000.0,0.0,1e-08,match,auprc,
freshness_180_hospital_CI.csv,freshness_180,target_native__harmonized_dynamic_vitals,attempted_replicates,1000.0,1000.0,0.0,1e-08,match,auprc,
freshness_180_hospital_CI.csv,freshness_180,target_native__harmonized_dynamic_vitals,estimate,0.6097439899835357,0.6097412321464522,-2.75783708358901e-06,1e-08,DIFFERENCE,auroc,
freshness_180_hospital_CI.csv,freshness_180,target_native__harmonized_dynamic_vitals,ci_low,0.561114470507248,0.561114470507248,0.0,1e-08,match,auroc,
freshness_180_hospital_CI.csv,freshness_180,target_native__harmonized_dynamic_vitals,ci_high,0.6292245019836076,0.629221039872626,-3.4621109815669016e-06,1e-08,DIFFERENCE,auroc,
freshness_180_hospital_CI.csv,freshness_180,target_native__harmonized_dynamic_vitals,valid_replicates,1000.0,1000.0,0.0,1e-08,match,auroc,
freshness_180_hospital_CI.csv,freshness_180,target_native__harmonized_dynamic_vitals,attempted_replicates,1000.0,1000.0,0.0,1e-08,match,auroc,
freshness_180_hospital_CI.csv,freshness_180,target_native__harmonized_dynamic_vitals,estimate,0.2333201288805303,0.2333204118035729,2.829230426049101e-07,1e-08,DIFFERENCE,brier,
freshness_180_hospital_CI.csv,freshness_180,target_native__harmonized_dynamic_vitals,ci_low,0.2266035425338874,0.2266038343796054,2.918457180089984e-07,1e-08,DIFFERENCE,brier,
freshness_180_hospital_CI.csv,freshness_180,target_native__harmonized_dynamic_vitals,ci_high,0.243361156024701,0.2433614298256709,2.7380096992435377e-07,1e-08,DIFFERENCE,brier,
freshness_180_hospital_CI.csv,freshness_180,target_native__harmonized_dynamic_vitals,valid_replicates,1000.0,1000.0,0.0,1e-08,match,brier,
freshness_180_hospital_CI.csv,freshness_180,target_native__harmonized_dynamic_vitals,attempted_replicates,1000.0,1000.0,0.0,1e-08,match,brier,
freshness_180_hospital_CI.csv,freshness_180,target_native__harmonized_dynamic_vitals,estimate,-0.287406215293274,-0.2874101153228339,-3.9000295599112e-06,1e-08,DIFFERENCE,calibration_intercept,
freshness_180_hospital_CI.csv,freshness_180,target_native__harmonized_dynamic_vitals,ci_low,-0.5569526505274721,-0.5569517784177163,8.721097558561652e-07,1e-08,DIFFERENCE,calibration_intercept,
freshness_180_hospital_CI.csv,freshness_180,target_native__harmonized_dynamic_vitals,ci_high,-0.1427723952101688,-0.1427766998259702,-4.3046158013926306e-06,1e-08,DIFFERENCE,calibration_intercept,
freshness_180_hospital_CI.csv,freshness_180,target_native__harmonized_dynamic_vitals,valid_replicates,1000.0,1000.0,0.0,1e-08,match,calibration_intercept,
freshness_180_hospital_CI.csv,freshness_180,target_native__harmonized_dynamic_vitals,attempted_replicates,1000.0,1000.0,0.0,1e-08,match,calibration_intercept,
freshness_180_hospital_CI.csv,freshness_180,target_native__harmonized_dynamic_vitals,estimate,0.5902676359384162,0.5902599377156947,-7.69822272150833e-06,1e-08,DIFFERENCE,calibration_slope,
freshness_180_hospital_CI.csv,freshness_180,target_native__harmonized_dynamic_vitals,ci_low,0.2957106254024212,0.2957030179766119,-7.607425809297297e-06,1e-08,DIFFERENCE,calibration_slope,
freshness_180_hospital_CI.csv,freshness_180,target_native__harmonized_dynamic_vitals,ci_high,0.750377152772716,0.7503696497076112,-7.50306510477472e-06,1e-08,DIFFERENCE,calibration_slope,
freshness_180_hospital_CI.csv,freshness_180,target_native__harmonized_dynamic_vitals,valid_replicates,1000.0,1000.0,0.0,1e-08,match,calibration_slope,
freshness_180_hospital_CI.csv,freshness_180,target_native__harmonized_dynamic_vitals,attempted_replicates,1000.0,1000.0,0.0,1e-08,match,calibration_slope,
freshness_180_hospital_CI.csv,freshness_180,target_native__harmonized_dynamic_vitals,estimate,0.4310805523041462,0.4310813719019234,8.195977772018637e-07,1e-08,DIFFERENCE,mean_predicted_risk,
freshness_180_hospital_CI.csv,freshness_180,target_native__harmonized_dynamic_vitals,ci_low,0.4167402473383083,0.4167414010536602,1.1537153519203258e-06,1e-08,DIFFERENCE,mean_predicted_risk,
freshness_180_hospital_CI.csv,freshness_180,target_native__harmonized_dynamic_vitals,ci_high,0.4482590686458512,0.4482604846152898,1.4159694385895705e-06,1e-08,DIFFERENCE,mean_predicted_risk,
freshness_180_hospital_CI.csv,freshness_180,target_native__harmonized_dynamic_vitals,valid_replicates,1000.0,1000.0,0.0,1e-08,match,mean_predicted_risk,
freshness_180_hospital_CI.csv,freshness_180,target_native__harmonized_dynamic_vitals,attempted_replicates,1000.0,1000.0,0.0,1e-08,match,mean_predicted_risk,
freshness_180_hospital_CI.csv,freshness_180,target_native__harmonized_last_values,estimate,0.4812249198340523,0.4812249198340523,0.0,1e-08,match,auprc,
freshness_180_hospital_CI.csv,freshness_180,target_native__harmonized_last_values,ci_low,0.4101974129257437,0.4101974129257437,0.0,1e-08,match,auprc,
freshness_180_hospital_CI.csv,freshness_180,target_native__harmonized_last_values,ci_high,0.529572119192768,0.529572119192768,0.0,1e-08,match,auprc,
freshness_180_hospital_CI.csv,freshness_180,target_native__harmonized_last_values,valid_replicates,1000.0,1000.0,0.0,1e-08,match,auprc,
freshness_180_hospital_CI.csv,freshness_180,target_native__harmonized_last_values,attempted_replicates,1000.0,1000.0,0.0,1e-08,match,auprc,
freshness_180_hospital_CI.csv,freshness_180,target_native__harmonized_last_values,estimate,0.5958996478242045,0.5958996478242045,0.0,1e-08,match,auroc,
freshness_180_hospital_CI.csv,freshness_180,target_native__harmonized_last_values,ci_low,0.5585957098820274,0.5585957098820274,0.0,1e-08,match,auroc,
freshness_180_hospital_CI.csv,freshness_180,target_native__harmonized_last_values,ci_high,0.619752993008744,0.619752993008744,0.0,1e-08,match,auroc,
freshness_180_hospital_CI.csv,freshness_180,target_native__harmonized_last_values,valid_replicates,1000.0,1000.0,0.0,1e-08,match,auroc,
freshness_180_hospital_CI.csv,freshness_180,target_native__harmonized_last_values,attempted_replicates,1000.0,1000.0,0.0,1e-08,match,auroc,
freshness_180_hospital_CI.csv,freshness_180,target_native__harmonized_last_values,estimate,0.233273975785702,0.233273975785702,0.0,1e-08,match,brier,
freshness_180_hospital_CI.csv,freshness_180,target_native__harmonized_last_values,ci_low,0.227208520236177,0.227208520236177,0.0,1e-08,match,brier,
freshness_180_hospital_CI.csv,freshness_180,target_native__harmonized_last_values,ci_high,0.2398423503494127,0.2398423503494127,0.0,1e-08,match,brier,
freshness_180_hospital_CI.csv,freshness_180,target_native__harmonized_last_values,valid_replicates,1000.0,1000.0,0.0,1e-08,match,brier,
freshness_180_hospital_CI.csv,freshness_180,target_native__harmonized_last_values,attempted_replicates,1000.0,1000.0,0.0,1e-08,match,brier,
freshness_180_hospital_CI.csv,freshness_180,target_native__harmonized_last_values,estimate,-0.2662698855145306,-0.2662698855145306,0.0,1e-08,match,calibration_intercept,
freshness_180_hospital_CI.csv,freshness_180,target_native__harmonized_last_values,ci_low,-0.5452332409014304,-0.5452332409014304,0.0,1e-08,match,calibration_intercept,
freshness_180_hospital_CI.csv,freshness_180,target_native__harmonized_last_values,ci_high,-0.1129567854794396,-0.1129567854794396,0.0,1e-08,match,calibration_intercept,
freshness_180_hospital_CI.csv,freshness_180,target_native__harmonized_last_values,valid_replicates,1000.0,1000.0,0.0,1e-08,match,calibration_intercept,
freshness_180_hospital_CI.csv,freshness_180,target_native__harmonized_last_values,attempted_replicates,1000.0,1000.0,0.0,1e-08,match,calibration_intercept,
freshness_180_hospital_CI.csv,freshness_180,target_native__harmonized_last_values,estimate,0.8047016431105212,0.8047016431105212,0.0,1e-08,match,calibration_slope,
freshness_180_hospital_CI.csv,freshness_180,target_native__harmonized_last_values,ci_low,0.4974840442714554,0.4974840442714554,0.0,1e-08,match,calibration_slope,
freshness_180_hospital_CI.csv,freshness_180,target_native__harmonized_last_values,ci_high,1.0102200028212762,1.0102200028212762,0.0,1e-08,match,calibration_slope,
freshness_180_hospital_CI.csv,freshness_180,target_native__harmonized_last_values,valid_replicates,1000.0,1000.0,0.0,1e-08,match,calibration_slope,
freshness_180_hospital_CI.csv,freshness_180,target_native__harmonized_last_values,attempted_replicates,1000.0,1000.0,0.0,1e-08,match,calibration_slope,
freshness_180_hospital_CI.csv,freshness_180,target_native__harmonized_last_values,estimate,0.4399880125976917,0.4399880125976917,0.0,1e-08,match,mean_predicted_risk,
freshness_180_hospital_CI.csv,freshness_180,target_native__harmonized_last_values,ci_low,0.4312934889527149,0.4312934889527149,0.0,1e-08,match,mean_predicted_risk,
freshness_180_hospital_CI.csv,freshness_180,target_native__harmonized_last_values,ci_high,0.4541925662923082,0.4541925662923082,0.0,1e-08,match,mean_predicted_risk,
freshness_180_hospital_CI.csv,freshness_180,target_native__harmonized_last_values,valid_replicates,1000.0,1000.0,0.0,1e-08,match,mean_predicted_risk,
freshness_180_hospital_CI.csv,freshness_180,target_native__harmonized_last_values,attempted_replicates,1000.0,1000.0,0.0,1e-08,match,mean_predicted_risk,
freshness_180_hospital_CI.csv,freshness_180,target_native_refit,estimate,0.4700452069721564,0.4699542328944449,-9.097407771152533e-05,1e-08,DIFFERENCE,auprc,
freshness_180_hospital_CI.csv,freshness_180,target_native_refit,ci_low,0.3891697617017877,0.3890229568481971,-0.00014680485359058748,1e-08,DIFFERENCE,auprc,
freshness_180_hospital_CI.csv,freshness_180,target_native_refit,ci_high,0.5273691188018919,0.5271452719743456,-0.00022384682754628127,1e-08,DIFFERENCE,auprc,
freshness_180_hospital_CI.csv,freshness_180,target_native_refit,valid_replicates,1000.0,1000.0,0.0,1e-08,match,auprc,
freshness_180_hospital_CI.csv,freshness_180,target_native_refit,attempted_replicates,1000.0,1000.0,0.0,1e-08,match,auprc,
freshness_180_hospital_CI.csv,freshness_180,target_native_refit,estimate,0.6032327366293163,0.6032851355339035,5.2398904587191986e-05,1e-08,DIFFERENCE,auroc,
freshness_180_hospital_CI.csv,freshness_180,target_native_refit,ci_low,0.5560487776509718,0.5559757830693542,-7.299458161758032e-05,1e-08,DIFFERENCE,auroc,
freshness_180_hospital_CI.csv,freshness_180,target_native_refit,ci_high,0.6247381347009233,0.624898625988822,0.0001604912878986342,1e-08,DIFFERENCE,auroc,
freshness_180_hospital_CI.csv,freshness_180,target_native_refit,valid_replicates,1000.0,1000.0,0.0,1e-08,match,auroc,
freshness_180_hospital_CI.csv,freshness_180,target_native_refit,attempted_replicates,1000.0,1000.0,0.0,1e-08,match,auroc,
freshness_180_hospital_CI.csv,freshness_180,target_native_refit,estimate,0.2336781246553866,0.2336735395809979,-4.585074388691046e-06,1e-08,DIFFERENCE,brier,
freshness_180_hospital_CI.csv,freshness_180,target_native_refit,ci_low,0.2252304370103712,0.2251912095258672,-3.9227484504023025e-05,1e-08,DIFFERENCE,brier,
freshness_180_hospital_CI.csv,freshness_180,target_native_refit,ci_high,0.2448226311184799,0.2448031346515148,-1.94964669651132e-05,1e-08,DIFFERENCE,brier,
freshness_180_hospital_CI.csv,freshness_180,target_native_refit,valid_replicates,1000.0,1000.0,0.0,1e-08,match,brier,
freshness_180_hospital_CI.csv,freshness_180,target_native_refit,attempted_replicates,1000.0,1000.0,0.0,1e-08,match,brier,
freshness_180_hospital_CI.csv,freshness_180,target_native_refit,estimate,-0.2527011410512202,-0.2526367429427472,6.43981084730294e-05,1e-08,DIFFERENCE,calibration_intercept,
freshness_180_hospital_CI.csv,freshness_180,target_native_refit,ci_low,-0.5510886341179823,-0.5515405493482919,-0.00045191523030962966,1e-08,DIFFERENCE,calibration_intercept,
freshness_180_hospital_CI.csv,freshness_180,target_native_refit,ci_high,-0.0690998225905341,-0.0686239140678617,0.00047590852267240247,1e-08,DIFFERENCE,calibration_intercept,
freshness_180_hospital_CI.csv,freshness_180,target_native_refit,valid_replicates,1000.0,1000.0,0.0,1e-08,match,calibration_intercept,
freshness_180_hospital_CI.csv,freshness_180,target_native_refit,attempted_replicates,1000.0,1000.0,0.0,1e-08,match,calibration_intercept,
freshness_180_hospital_CI.csv,freshness_180,target_native_refit,estimate,0.5474716322009182,0.5476653346723626,0.00019370247144434583,1e-08,DIFFERENCE,calibration_slope,
freshness_180_hospital_CI.csv,freshness_180,target_native_refit,ci_low,0.2666325052978704,0.2667449138245758,0.0001124085267054098,1e-08,DIFFERENCE,calibration_slope,
freshness_180_hospital_CI.csv,freshness_180,target_native_refit,ci_high,0.7417553297766839,0.7424232269899597,0.0006678972132757588,1e-08,DIFFERENCE,calibration_slope,
freshness_180_hospital_CI.csv,freshness_180,target_native_refit,valid_replicates,1000.0,1000.0,0.0,1e-08,match,calibration_slope,
freshness_180_hospital_CI.csv,freshness_180,target_native_refit,attempted_replicates,1000.0,1000.0,0.0,1e-08,match,calibration_slope,
freshness_180_hospital_CI.csv,freshness_180,target_native_refit,estimate,0.4116524185348834,0.4116552803705037,2.8618356203158335e-06,1e-08,DIFFERENCE,mean_predicted_risk,
freshness_180_hospital_CI.csv,freshness_180,target_native_refit,ci_low,0.3922508654646899,0.3922163119898147,-3.455347487518745e-05,1e-08,DIFFERENCE,mean_predicted_risk,
freshness_180_hospital_CI.csv,freshness_180,target_native_refit,ci_high,0.4387467312717368,0.438831882467136,8.515119539920235e-05,1e-08,DIFFERENCE,mean_predicted_risk,
freshness_180_hospital_CI.csv,freshness_180,target_native_refit,valid_replicates,1000.0,1000.0,0.0,1e-08,match,mean_predicted_risk,
freshness_180_hospital_CI.csv,freshness_180,target_native_refit,attempted_replicates,1000.0,1000.0,0.0,1e-08,match,mean_predicted_risk,
freshness_180_paired_differences.csv,freshness_180,corrected_primary_source_intercept_recalibrated,estimate,0.0,0.0,0.0,1e-08,match,auprc,corrected_primary_source_raw
freshness_180_paired_differences.csv,freshness_180,corrected_primary_source_intercept_recalibrated,ci_low,-5.551115123125783e-17,-5.551115123125783e-17,0.0,1e-08,match,auprc,corrected_primary_source_raw
freshness_180_paired_differences.csv,freshness_180,corrected_primary_source_intercept_recalibrated,ci_high,5.551115123125783e-17,5.551115123125783e-17,0.0,1e-08,match,auprc,corrected_primary_source_raw
freshness_180_paired_differences.csv,freshness_180,corrected_primary_source_intercept_recalibrated,valid_replicates,1000.0,1000.0,0.0,1e-08,match,auprc,corrected_primary_source_raw
freshness_180_paired_differences.csv,freshness_180,corrected_primary_source_intercept_recalibrated,estimate,0.0,0.0,0.0,1e-08,match,auroc,corrected_primary_source_raw
freshness_180_paired_differences.csv,freshness_180,corrected_primary_source_intercept_recalibrated,ci_low,0.0,0.0,0.0,1e-08,match,auroc,corrected_primary_source_raw
freshness_180_paired_differences.csv,freshness_180,corrected_primary_source_intercept_recalibrated,ci_high,0.0,0.0,0.0,1e-08,match,auroc,corrected_primary_source_raw
freshness_180_paired_differences.csv,freshness_180,corrected_primary_source_intercept_recalibrated,valid_replicates,1000.0,1000.0,0.0,1e-08,match,auroc,corrected_primary_source_raw
freshness_180_paired_differences.csv,freshness_180,corrected_primary_source_intercept_recalibrated,estimate,-0.1111742227059673,-0.111301324583214,-0.00012710187724669642,1e-08,DIFFERENCE,brier,corrected_primary_source_raw
freshness_180_paired_differences.csv,freshness_180,corrected_primary_source_intercept_recalibrated,ci_low,-0.1483400306498762,-0.148300600729655,3.942992022118452e-05,1e-08,DIFFERENCE,brier,corrected_primary_source_raw
freshness_180_paired_differences.csv,freshness_180,corrected_primary_source_intercept_recalibrated,ci_high,-0.0485663289213833,-0.049021657434562,-0.0004553285131786988,1e-08,DIFFERENCE,brier,corrected_primary_source_raw
freshness_180_paired_differences.csv,freshness_180,corrected_primary_source_intercept_recalibrated,valid_replicates,1000.0,1000.0,0.0,1e-08,match,brier,corrected_primary_source_raw
freshness_180_paired_differences.csv,freshness_180,corrected_primary_source_intercept_recalibrated,estimate,0.1722103265042888,0.170257554507861,-0.0019527719964277934,1e-08,DIFFERENCE,calibration_intercept,corrected_primary_source_raw
freshness_180_paired_differences.csv,freshness_180,corrected_primary_source_intercept_recalibrated,ci_low,-0.0376801533723442,-0.0369685544055181,0.0007115989668260991,1e-08,DIFFERENCE,calibration_intercept,corrected_primary_source_raw
freshness_180_paired_differences.csv,freshness_180,corrected_primary_source_intercept_recalibrated,ci_high,0.4391321062454614,0.4344688708308828,-0.0046632354145785815,1e-08,DIFFERENCE,calibration_intercept,corrected_primary_source_raw
freshness_180_paired_differences.csv,freshness_180,corrected_primary_source_intercept_recalibrated,valid_replicates,1000.0,999.0,-1.0,1e-08,DIFFERENCE,calibration_intercept,corrected_primary_source_raw
freshness_180_paired_differences.csv,freshness_180,corrected_primary_source_intercept_recalibrated,estimate,-0.0001984289778744,-0.0001929707160751,5.4582617992999995e-06,1e-08,DIFFERENCE,calibration_slope,corrected_primary_source_raw
freshness_180_paired_differences.csv,freshness_180,corrected_primary_source_intercept_recalibrated,ci_low,-0.0019922832859104,-0.0019928456254106,-5.623395002000466e-07,1e-08,DIFFERENCE,calibration_slope,corrected_primary_source_raw
freshness_180_paired_differences.csv,freshness_180,corrected_primary_source_intercept_recalibrated,ci_high,0.000469477524046,0.0004681786659263,-1.2988581196999725e-06,1e-08,DIFFERENCE,calibration_slope,corrected_primary_source_raw
freshness_180_paired_differences.csv,freshness_180,corrected_primary_source_intercept_recalibrated,valid_replicates,1000.0,999.0,-1.0,1e-08,DIFFERENCE,calibration_slope,corrected_primary_source_raw
freshness_180_paired_differences.csv,freshness_180,corrected_primary_source_intercept_recalibrated,estimate,-0.2093910625359437,-0.2097087835022349,-0.0003177209662912073,1e-08,DIFFERENCE,mean_predicted_risk,corrected_primary_source_raw
freshness_180_paired_differences.csv,freshness_180,corrected_primary_source_intercept_recalibrated,ci_low,-0.2607137585009254,-0.2601356474884783,0.0005781110124470912,1e-08,DIFFERENCE,mean_predicted_risk,corrected_primary_source_raw
freshness_180_paired_differences.csv,freshness_180,corrected_primary_source_intercept_recalibrated,ci_high,-0.188202809351717,-0.1887015208605575,-0.0004987115088405103,1e-08,DIFFERENCE,mean_predicted_risk,corrected_primary_source_raw
freshness_180_paired_differences.csv,freshness_180,corrected_primary_source_intercept_recalibrated,valid_replicates,1000.0,1000.0,0.0,1e-08,match,mean_predicted_risk,corrected_primary_source_raw
freshness_180_paired_differences.csv,freshness_180,corrected_primary_source_logistic_recalibrated,estimate,-0.0034385584629251,-0.0041822405824729,-0.0007436821195477999,1e-08,DIFFERENCE,auprc,corrected_primary_source_raw
freshness_180_paired_differences.csv,freshness_180,corrected_primary_source_logistic_recalibrated,ci_low,-0.0721301139565042,-0.0719725432419639,0.00015757071454031157,1e-08,DIFFERENCE,auprc,corrected_primary_source_raw
freshness_180_paired_differences.csv,freshness_180,corrected_primary_source_logistic_recalibrated,ci_high,0.0493091505549493,0.0467893019925349,-0.002519848562414398,1e-08,DIFFERENCE,auprc,corrected_primary_source_raw
freshness_180_paired_differences.csv,freshness_180,corrected_primary_source_logistic_recalibrated,valid_replicates,1000.0,1000.0,0.0,1e-08,match,auprc,corrected_primary_source_raw
freshness_180_paired_differences.csv,freshness_180,corrected_primary_source_logistic_recalibrated,estimate,0.0017236481772076,0.001596787671365,-0.00012686050584260014,1e-08,DIFFERENCE,auroc,corrected_primary_source_raw
freshness_180_paired_differences.csv,freshness_180,corrected_primary_source_logistic_recalibrated,ci_low,-0.1149901979084258,-0.1135857457684018,0.0014044521400239929,1e-08,DIFFERENCE,auroc,corrected_primary_source_raw
freshness_180_paired_differences.csv,freshness_180,corrected_primary_source_logistic_recalibrated,ci_high,0.0775423927574483,0.0771075016423514,-0.00043489111509689704,1e-08,DIFFERENCE,auroc,corrected_primary_source_raw
freshness_180_paired_differences.csv,freshness_180,corrected_primary_source_logistic_recalibrated,valid_replicates,1000.0,1000.0,0.0,1e-08,match,auroc,corrected_primary_source_raw
freshness_180_paired_differences.csv,freshness_180,corrected_primary_source_logistic_recalibrated,estimate,-0.2733622700637363,-0.2724617206923443,0.000900549371392001,1e-08,DIFFERENCE,brier,corrected_primary_source_raw
freshness_180_paired_differences.csv,freshness_180,corrected_primary_source_logistic_recalibrated,ci_low,-0.344354276266069,-0.3432994987638912,0.001054777502177806,1e-08,DIFFERENCE,brier,corrected_primary_source_raw
freshness_180_paired_differences.csv,freshness_180,corrected_primary_source_logistic_recalibrated,ci_high,-0.1743029994815559,-0.173877340295797,0.00042565918575890316,1e-08,DIFFERENCE,brier,corrected_primary_source_raw
freshness_180_paired_differences.csv,freshness_180,corrected_primary_source_logistic_recalibrated,valid_replicates,1000.0,1000.0,0.0,1e-08,match,brier,corrected_primary_source_raw
freshness_180_paired_differences.csv,freshness_180,corrected_primary_source_logistic_recalibrated,estimate,-0.4043080333515815,-0.4034949917852939,0.0008130415662875867,1e-08,DIFFERENCE,calibration_intercept,corrected_primary_source_raw
freshness_180_paired_differences.csv,freshness_180,corrected_primary_source_logistic_recalibrated,ci_low,-1.0310480262509452,-1.0295160215022656,0.0015320047486795385,1e-08,DIFFERENCE,calibration_intercept,corrected_primary_source_raw
freshness_180_paired_differences.csv,freshness_180,corrected_primary_source_logistic_recalibrated,ci_high,0.0925818853291255,0.0905379240772518,-0.0020439612518736994,1e-08,DIFFERENCE,calibration_intercept,corrected_primary_source_raw
freshness_180_paired_differences.csv,freshness_180,corrected_primary_source_logistic_recalibrated,valid_replicates,1000.0,1000.0,0.0,1e-08,match,calibration_intercept,corrected_primary_source_raw
freshness_180_paired_differences.csv,freshness_180,corrected_primary_source_logistic_recalibrated,estimate,-1.2196057809806593,-1.2160017075645877,0.003604073416071607,1e-08,DIFFERENCE,calibration_slope,corrected_primary_source_raw
freshness_180_paired_differences.csv,freshness_180,corrected_primary_source_logistic_recalibrated,ci_low,-3.110183555943474,-3.102624544392274,0.00755901155120009,1e-08,DIFFERENCE,calibration_slope,corrected_primary_source_raw
freshness_180_paired_differences.csv,freshness_180,corrected_primary_source_logistic_recalibrated,ci_high,0.2792757190665401,0.2728516626672622,-0.0064240563992779,1e-08,DIFFERENCE,calibration_slope,corrected_primary_source_raw
freshness_180_paired_differences.csv,freshness_180,corrected_primary_source_logistic_recalibrated,valid_replicates,1000.0,1000.0,0.0,1e-08,match,calibration_slope,corrected_primary_source_raw
freshness_180_paired_differences.csv,freshness_180,corrected_primary_source_logistic_recalibrated,estimate,-0.4824240367120263,-0.481346440829551,0.0010775958824753018,1e-08,DIFFERENCE,mean_predicted_risk,corrected_primary_source_raw
freshness_180_paired_differences.csv,freshness_180,corrected_primary_source_logistic_recalibrated,ci_low,-0.5789517600730555,-0.5777397447740511,0.0012120152990043875,1e-08,DIFFERENCE,mean_predicted_risk,corrected_primary_source_raw
freshness_180_paired_differences.csv,freshness_180,corrected_primary_source_logistic_recalibrated,ci_high,-0.2649044588013508,-0.263862366368951,0.0010420924323997771,1e-08,DIFFERENCE,mean_predicted_risk,corrected_primary_source_raw
freshness_180_paired_differences.csv,freshness_180,corrected_primary_source_logistic_recalibrated,valid_replicates,1000.0,1000.0,0.0,1e-08,match,mean_predicted_risk,corrected_primary_source_raw
freshness_180_paired_differences.csv,freshness_180,corrected_strict_source_intercept_recalibrated,estimate,0.0009323002337834,0.0003188490473212,-0.0006134511864622001,1e-08,DIFFERENCE,auprc,corrected_primary_source_raw
freshness_180_paired_differences.csv,freshness_180,corrected_strict_source_intercept_recalibrated,ci_low,-0.0007165113712113,-0.0008219683626296,-0.00010545699141830008,1e-08,DIFFERENCE,auprc,corrected_primary_source_raw
freshness_180_paired_differences.csv,freshness_180,corrected_strict_source_intercept_recalibrated,ci_high,0.0032933639908109,0.0018575306186614,-0.0014358333721495,1e-08,DIFFERENCE,auprc,corrected_primary_source_raw
freshness_180_paired_differences.csv,freshness_180,corrected_strict_source_intercept_recalibrated,valid_replicates,1000.0,1000.0,0.0,1e-08,match,auprc,corrected_primary_source_raw
freshness_180_paired_differences.csv,freshness_180,corrected_strict_source_intercept_recalibrated,estimate,0.0009680008163197,0.0006398182033794,-0.00032818261294029997,1e-08,DIFFERENCE,auroc,corrected_primary_source_raw
freshness_180_paired_differences.csv,freshness_180,corrected_strict_source_intercept_recalibrated,ci_low,-5.882906627563077e-07,-0.0005477723156502,-0.0005471840249874437,1e-08,DIFFERENCE,auroc,corrected_primary_source_raw
freshness_180_paired_differences.csv,freshness_180,corrected_strict_source_intercept_recalibrated,ci_high,0.00193487872095,0.0019479003949752,1.3021674025200016e-05,1e-08,DIFFERENCE,auroc,corrected_primary_source_raw
freshness_180_paired_differences.csv,freshness_180,corrected_strict_source_intercept_recalibrated,valid_replicates,1000.0,1000.0,0.0,1e-08,match,auroc,corrected_primary_source_raw
freshness_180_paired_differences.csv,freshness_180,corrected_strict_source_intercept_recalibrated,estimate,-0.1120223199487121,-0.1108501290915852,0.0011721908571269007,1e-08,DIFFERENCE,brier,corrected_primary_source_raw
freshness_180_paired_differences.csv,freshness_180,corrected_strict_source_intercept_recalibrated,ci_low,-0.149405362152822,-0.1479320061663308,0.0014733559864912038,1e-08,DIFFERENCE,brier,corrected_primary_source_raw
freshness_180_paired_differences.csv,freshness_180,corrected_strict_source_intercept_recalibrated,ci_high,-0.0491924462099176,-0.0484791892308204,0.0007132569790971946,1e-08,DIFFERENCE,brier,corrected_primary_source_raw
freshness_180_paired_differences.csv,freshness_180,corrected_strict_source_intercept_recalibrated,valid_replicates,1000.0,1000.0,0.0,1e-08,match,brier,corrected_primary_source_raw
freshness_180_paired_differences.csv,freshness_180,corrected_strict_source_intercept_recalibrated,estimate,0.1712227851796196,0.1697250024830114,-0.0014977826966082186,1e-08,DIFFERENCE,calibration_intercept,corrected_primary_source_raw
freshness_180_paired_differences.csv,freshness_180,corrected_strict_source_intercept_recalibrated,ci_low,-0.039545285180129,-0.0383707796501864,0.001174505529942603,1e-08,DIFFERENCE,calibration_intercept,corrected_primary_source_raw
freshness_180_paired_differences.csv,freshness_180,corrected_strict_source_intercept_recalibrated,ci_high,0.4378065559027488,0.4348647177979878,-0.0029418381047610076,1e-08,DIFFERENCE,calibration_intercept,corrected_primary_source_raw
freshness_180_paired_differences.csv,freshness_180,corrected_strict_source_intercept_recalibrated,valid_replicates,1000.0,1000.0,0.0,1e-08,match,calibration_intercept,corrected_primary_source_raw
freshness_180_paired_differences.csv,freshness_180,corrected_strict_source_intercept_recalibrated,estimate,0.0014758109420144,0.0006421407049869,-0.0008336702370275,1e-08,DIFFERENCE,calibration_slope,corrected_primary_source_raw
freshness_180_paired_differences.csv,freshness_180,corrected_strict_source_intercept_recalibrated,ci_low,-0.0007588837210368,-0.0011936233367575,-0.00043473961572069997,1e-08,DIFFERENCE,calibration_slope,corrected_primary_source_raw
freshness_180_paired_differences.csv,freshness_180,corrected_strict_source_intercept_recalibrated,ci_high,0.0037469491883871,0.0029175447899363,-0.0008294043984507999,1e-08,DIFFERENCE,calibration_slope,corrected_primary_source_raw
freshness_180_paired_differences.csv,freshness_180,corrected_strict_source_intercept_recalibrated,valid_replicates,1000.0,1000.0,0.0,1e-08,match,calibration_slope,corrected_primary_source_raw
freshness_180_paired_differences.csv,freshness_180,corrected_strict_source_intercept_recalibrated,estimate,-0.209001129872271,-0.2079817422080143,0.0010193876642567157,1e-08,DIFFERENCE,mean_predicted_risk,corrected_primary_source_raw
freshness_180_paired_differences.csv,freshness_180,corrected_strict_source_intercept_recalibrated,ci_low,-0.2592813617102856,-0.2585724374179489,0.0007089242923367101,1e-08,DIFFERENCE,mean_predicted_risk,corrected_primary_source_raw
freshness_180_paired_differences.csv,freshness_180,corrected_strict_source_intercept_recalibrated,ci_high,-0.1880327753970019,-0.1868994567790617,0.0011333186179401933,1e-08,DIFFERENCE,mean_predicted_risk,corrected_primary_source_raw
freshness_180_paired_differences.csv,freshness_180,corrected_strict_source_intercept_recalibrated,valid_replicates,1000.0,1000.0,0.0,1e-08,match,mean_predicted_risk,corrected_primary_source_raw
freshness_180_paired_differences.csv,freshness_180,corrected_strict_source_logistic_recalibrated,estimate,-0.0039713843627686,-0.0046087842287361,-0.0006373998659674994,1e-08,DIFFERENCE,auprc,corrected_primary_source_raw
freshness_180_paired_differences.csv,freshness_180,corrected_strict_source_logistic_recalibrated,ci_low,-0.0720951663443015,-0.0718490988327776,0.00024606751152390915,1e-08,DIFFERENCE,auprc,corrected_primary_source_raw
freshness_180_paired_differences.csv,freshness_180,corrected_strict_source_logistic_recalibrated,ci_high,0.0481356403534924,0.0464883906228113,-0.0016472497306811024,1e-08,DIFFERENCE,auprc,corrected_primary_source_raw
freshness_180_paired_differences.csv,freshness_180,corrected_strict_source_logistic_recalibrated,valid_replicates,1000.0,1000.0,0.0,1e-08,match,auprc,corrected_primary_source_raw
freshness_180_paired_differences.csv,freshness_180,corrected_strict_source_logistic_recalibrated,estimate,0.0007556473608878,0.0009569694679857,0.00020132210709789997,1e-08,DIFFERENCE,auroc,corrected_primary_source_raw
freshness_180_paired_differences.csv,freshness_180,corrected_strict_source_logistic_recalibrated,ci_low,-0.1158467818309056,-0.114906730134581,0.0009400516963246064,1e-08,DIFFERENCE,auroc,corrected_primary_source_raw
freshness_180_paired_differences.csv,freshness_180,corrected_strict_source_logistic_recalibrated,ci_high,0.0765317801224451,0.0766712361637019,0.00013945604125679967,1e-08,DIFFERENCE,auroc,corrected_primary_source_raw
freshness_180_paired_differences.csv,freshness_180,corrected_strict_source_logistic_recalibrated,valid_replicates,1000.0,1000.0,0.0,1e-08,match,auroc,corrected_primary_source_raw
freshness_180_paired_differences.csv,freshness_180,corrected_strict_source_logistic_recalibrated,estimate,-0.2733619108677299,-0.2724517811453319,0.0009101297223979565,1e-08,DIFFERENCE,brier,corrected_primary_source_raw
freshness_180_paired_differences.csv,freshness_180,corrected_strict_source_logistic_recalibrated,ci_low,-0.3443245034429403,-0.3432721471773648,0.0010523562655754826,1e-08,DIFFERENCE,brier,corrected_primary_source_raw
freshness_180_paired_differences.csv,freshness_180,corrected_strict_source_logistic_recalibrated,ci_high,-0.1742790647939849,-0.1738320908364937,0.00044697395749118685,1e-08,DIFFERENCE,brier,corrected_primary_source_raw
freshness_180_paired_differences.csv,freshness_180,corrected_strict_source_logistic_recalibrated,valid_replicates,1000.0,1000.0,0.0,1e-08,match,brier,corrected_primary_source_raw
freshness_180_paired_differences.csv,freshness_180,corrected_strict_source_logistic_recalibrated,estimate,-0.4246025300826194,-0.4204196215836451,0.0041829084989742915,1e-08,DIFFERENCE,calibration_intercept,corrected_primary_source_raw
freshness_180_paired_differences.csv,freshness_180,corrected_strict_source_logistic_recalibrated,ci_low,-1.0571029709664834,-1.051377505015156,0.005725465951327502,1e-08,DIFFERENCE,calibration_intercept,corrected_primary_source_raw
freshness_180_paired_differences.csv,freshness_180,corrected_strict_source_logistic_recalibrated,ci_high,0.0708201318827021,0.0738114410489821,0.002991309166280001,1e-08,DIFFERENCE,calibration_intercept,corrected_primary_source_raw
freshness_180_paired_differences.csv,freshness_180,corrected_strict_source_logistic_recalibrated,valid_replicates,1000.0,1000.0,0.0,1e-08,match,calibration_intercept,corrected_primary_source_raw
freshness_180_paired_differences.csv,freshness_180,corrected_strict_source_logistic_recalibrated,estimate,-1.2606165348371396,-1.2485584387499786,0.012058096087161019,1e-08,DIFFERENCE,calibration_slope,corrected_primary_source_raw
freshness_180_paired_differences.csv,freshness_180,corrected_strict_source_logistic_recalibrated,ci_low,-3.172706898806654,-3.153847495078084,0.018859403728569646,1e-08,DIFFERENCE,calibration_slope,corrected_primary_source_raw
freshness_180_paired_differences.csv,freshness_180,corrected_strict_source_logistic_recalibrated,ci_high,0.2389510094081759,0.2415692827012563,0.0026182732930803976,1e-08,DIFFERENCE,calibration_slope,corrected_primary_source_raw
freshness_180_paired_differences.csv,freshness_180,corrected_strict_source_logistic_recalibrated,valid_replicates,1000.0,1000.0,0.0,1e-08,match,calibration_slope,corrected_primary_source_raw
freshness_180_paired_differences.csv,freshness_180,corrected_strict_source_logistic_recalibrated,estimate,-0.4822784911795352,-0.481388810934499,0.0008896802450362173,1e-08,DIFFERENCE,mean_predicted_risk,corrected_primary_source_raw
freshness_180_paired_differences.csv,freshness_180,corrected_strict_source_logistic_recalibrated,ci_low,-0.5787149789830782,-0.5777574489738204,0.000957530009257801,1e-08,DIFFERENCE,mean_predicted_risk,corrected_primary_source_raw
freshness_180_paired_differences.csv,freshness_180,corrected_strict_source_logistic_recalibrated,ci_high,-0.2649769262420174,-0.2640226894422028,0.0009542367998146006,1e-08,DIFFERENCE,mean_predicted_risk,corrected_primary_source_raw
freshness_180_paired_differences.csv,freshness_180,corrected_strict_source_logistic_recalibrated,valid_replicates,1000.0,1000.0,0.0,1e-08,match,mean_predicted_risk,corrected_primary_source_raw
freshness_180_paired_differences.csv,freshness_180,corrected_strict_source_raw,estimate,0.0009323002337834,0.0003188490473213,-0.0006134511864621,1e-08,DIFFERENCE,auprc,corrected_primary_source_raw
freshness_180_paired_differences.csv,freshness_180,corrected_strict_source_raw,ci_low,-0.0007165113712113,-0.0008219683626296,-0.00010545699141830008,1e-08,DIFFERENCE,auprc,corrected_primary_source_raw
freshness_180_paired_differences.csv,freshness_180,corrected_strict_source_raw,ci_high,0.0032933639908109,0.0018575306186614,-0.0014358333721495,1e-08,DIFFERENCE,auprc,corrected_primary_source_raw
freshness_180_paired_differences.csv,freshness_180,corrected_strict_source_raw,valid_replicates,1000.0,1000.0,0.0,1e-08,match,auprc,corrected_primary_source_raw
freshness_180_paired_differences.csv,freshness_180,corrected_strict_source_raw,estimate,0.0009680008163197,0.0006398182033794,-0.00032818261294029997,1e-08,DIFFERENCE,auroc,corrected_primary_source_raw
freshness_180_paired_differences.csv,freshness_180,corrected_strict_source_raw,ci_low,-5.882906627563077e-07,-0.0005477723156502,-0.0005471840249874437,1e-08,DIFFERENCE,auroc,corrected_primary_source_raw
freshness_180_paired_differences.csv,freshness_180,corrected_strict_source_raw,ci_high,0.00193487872095,0.0019479003949752,1.3021674025200016e-05,1e-08,DIFFERENCE,auroc,corrected_primary_source_raw
freshness_180_paired_differences.csv,freshness_180,corrected_strict_source_raw,valid_replicates,1000.0,1000.0,0.0,1e-08,match,auroc,corrected_primary_source_raw
freshness_180_paired_differences.csv,freshness_180,corrected_strict_source_raw,estimate,-0.0001655184255985,0.0009430176916407,0.0011085361172392,1e-08,DIFFERENCE,brier,corrected_primary_source_raw
freshness_180_paired_differences.csv,freshness_180,corrected_strict_source_raw,ci_low,-0.0004894395620532,0.0004279602531846,0.0009173998152378,1e-08,DIFFERENCE,brier,corrected_primary_source_raw
freshness_180_paired_differences.csv,freshness_180,corrected_strict_source_raw,ci_high,3.612274821427199e-05,0.0012628085048642,0.001226685756649928,1e-08,DIFFERENCE,brier,corrected_primary_source_raw
freshness_180_paired_differences.csv,freshness_180,corrected_strict_source_raw,valid_replicates,1000.0,1000.0,0.0,1e-08,match,brier,corrected_primary_source_raw
freshness_180_paired_differences.csv,freshness_180,corrected_strict_source_raw,estimate,-0.0054216032666326,-0.0064826425602355,-0.0010610392936028995,1e-08,DIFFERENCE,calibration_intercept,corrected_primary_source_raw
freshness_180_paired_differences.csv,freshness_180,corrected_strict_source_raw,ci_low,-0.0140001694175465,-0.0178377753439848,-0.0038376059264382985,1e-08,DIFFERENCE,calibration_intercept,corrected_primary_source_raw
freshness_180_paired_differences.csv,freshness_180,corrected_strict_source_raw,ci_high,-0.0016914127514693,-0.0018161537551396,-0.0001247410036703,1e-08,DIFFERENCE,calibration_intercept,corrected_primary_source_raw
freshness_180_paired_differences.csv,freshness_180,corrected_strict_source_raw,valid_replicates,1000.0,1000.0,0.0,1e-08,match,calibration_intercept,corrected_primary_source_raw
freshness_180_paired_differences.csv,freshness_180,corrected_strict_source_raw,estimate,0.0016509223809014,0.0008228858994541,-0.0008280364814473,1e-08,DIFFERENCE,calibration_slope,corrected_primary_source_raw
freshness_180_paired_differences.csv,freshness_180,corrected_strict_source_raw,ci_low,0.0008233131905773,-0.0003866958557434,-0.0012100090463207,1e-08,DIFFERENCE,calibration_slope,corrected_primary_source_raw
freshness_180_paired_differences.csv,freshness_180,corrected_strict_source_raw,ci_high,0.0035326296142139,0.0029169620710012,-0.0006156675432126999,1e-08,DIFFERENCE,calibration_slope,corrected_primary_source_raw
freshness_180_paired_differences.csv,freshness_180,corrected_strict_source_raw,valid_replicates,1000.0,1000.0,0.0,1e-08,match,calibration_slope,corrected_primary_source_raw
freshness_180_paired_differences.csv,freshness_180,corrected_strict_source_raw,estimate,0.0006156670169995,0.0018772938388809,0.0012616268218814,1e-08,DIFFERENCE,mean_predicted_risk,corrected_primary_source_raw
freshness_180_paired_differences.csv,freshness_180,corrected_strict_source_raw,ci_low,0.0001220456257181,0.0013537163136942,0.0012316706879761,1e-08,DIFFERENCE,mean_predicted_risk,corrected_primary_source_raw
freshness_180_paired_differences.csv,freshness_180,corrected_strict_source_raw,ci_high,0.0016628424147928,0.0029878480849303,0.0013250056701375002,1e-08,DIFFERENCE,mean_predicted_risk,corrected_primary_source_raw
freshness_180_paired_differences.csv,freshness_180,corrected_strict_source_raw,valid_replicates,1000.0,1000.0,0.0,1e-08,match,mean_predicted_risk,corrected_primary_source_raw
freshness_180_paired_differences.csv,freshness_180,source_trained__corrected_primary__harmonized_dynamic_vitals,estimate,0.0470267514945224,0.0449055601556977,-0.002121191338824699,1e-08,DIFFERENCE,auprc,corrected_primary_source_raw
freshness_180_paired_differences.csv,freshness_180,source_trained__corrected_primary__harmonized_dynamic_vitals,ci_low,-0.0032704243526737,-0.0045991008338535,-0.0013286764811798,1e-08,DIFFERENCE,auprc,corrected_primary_source_raw
freshness_180_paired_differences.csv,freshness_180,source_trained__corrected_primary__harmonized_dynamic_vitals,ci_high,0.0727366411772945,0.0709029632567032,-0.0018336779205913034,1e-08,DIFFERENCE,auprc,corrected_primary_source_raw
freshness_180_paired_differences.csv,freshness_180,source_trained__corrected_primary__harmonized_dynamic_vitals,valid_replicates,1000.0,1000.0,0.0,1e-08,match,auprc,corrected_primary_source_raw
freshness_180_paired_differences.csv,freshness_180,source_trained__corrected_primary__harmonized_dynamic_vitals,estimate,0.0293433865687817,0.0279644680270159,-0.0013789185417658022,1e-08,DIFFERENCE,auroc,corrected_primary_source_raw
freshness_180_paired_differences.csv,freshness_180,source_trained__corrected_primary__harmonized_dynamic_vitals,ci_low,-0.0279654907603522,-0.0302815737504959,-0.0023160829901437002,1e-08,DIFFERENCE,auroc,corrected_primary_source_raw
freshness_180_paired_differences.csv,freshness_180,source_trained__corrected_primary__harmonized_dynamic_vitals,ci_high,0.059354381494947,0.0574844054455566,-0.001869976049390397,1e-08,DIFFERENCE,auroc,corrected_primary_source_raw
freshness_180_paired_differences.csv,freshness_180,source_trained__corrected_primary__harmonized_dynamic_vitals,valid_replicates,1000.0,1000.0,0.0,1e-08,match,auroc,corrected_primary_source_raw
freshness_180_paired_differences.csv,freshness_180,source_trained__corrected_primary__harmonized_dynamic_vitals,estimate,-0.269043030202764,-0.2679424704465315,0.0011005597562324665,1e-08,DIFFERENCE,brier,corrected_primary_source_raw
freshness_180_paired_differences.csv,freshness_180,source_trained__corrected_primary__harmonized_dynamic_vitals,ci_low,-0.3376240979467974,-0.3363590184242735,0.0012650795225238598,1e-08,DIFFERENCE,brier,corrected_primary_source_raw
freshness_180_paired_differences.csv,freshness_180,source_trained__corrected_primary__harmonized_dynamic_vitals,ci_high,-0.1720953499156376,-0.171237504375962,0.0008578455396756057,1e-08,DIFFERENCE,brier,corrected_primary_source_raw
freshness_180_paired_differences.csv,freshness_180,source_trained__corrected_primary__harmonized_dynamic_vitals,valid_replicates,1000.0,1000.0,0.0,1e-08,match,brier,corrected_primary_source_raw
freshness_180_paired_differences.csv,freshness_180,source_trained__corrected_primary__harmonized_dynamic_vitals,estimate,0.3443221670111592,0.3408369244526885,-0.0034852425584707136,1e-08,DIFFERENCE,calibration_intercept,corrected_primary_source_raw
freshness_180_paired_differences.csv,freshness_180,source_trained__corrected_primary__harmonized_dynamic_vitals,ci_low,-0.0001510865342321,0.0002268552451532,0.0003779417793853,1e-08,DIFFERENCE,calibration_intercept,corrected_primary_source_raw
freshness_180_paired_differences.csv,freshness_180,source_trained__corrected_primary__harmonized_dynamic_vitals,ci_high,0.7588017277655625,0.7482118212480724,-0.010589906517490144,1e-08,DIFFERENCE,calibration_intercept,corrected_primary_source_raw
freshness_180_paired_differences.csv,freshness_180,source_trained__corrected_primary__harmonized_dynamic_vitals,valid_replicates,1000.0,1000.0,0.0,1e-08,match,calibration_intercept,corrected_primary_source_raw
freshness_180_paired_differences.csv,freshness_180,source_trained__corrected_primary__harmonized_dynamic_vitals,estimate,0.1672422536339436,0.16464199529702,-0.0026002583369235943,1e-08,DIFFERENCE,calibration_slope,corrected_primary_source_raw
freshness_180_paired_differences.csv,freshness_180,source_trained__corrected_primary__harmonized_dynamic_vitals,ci_low,-0.008595341751273,-0.0128451434598519,-0.0042498017085789,1e-08,DIFFERENCE,calibration_slope,corrected_primary_source_raw
freshness_180_paired_differences.csv,freshness_180,source_trained__corrected_primary__harmonized_dynamic_vitals,ci_high,0.2934019675165846,0.2884325917401707,-0.004969375776413876,1e-08,DIFFERENCE,calibration_slope,corrected_primary_source_raw
freshness_180_paired_differences.csv,freshness_180,source_trained__corrected_primary__harmonized_dynamic_vitals,valid_replicates,1000.0,1000.0,0.0,1e-08,match,calibration_slope,corrected_primary_source_raw
freshness_180_paired_differences.csv,freshness_180,source_trained__corrected_primary__harmonized_dynamic_vitals,estimate,-0.5052310016455421,-0.5035780286019034,0.0016529730436387613,1e-08,DIFFERENCE,mean_predicted_risk,corrected_primary_source_raw
freshness_180_paired_differences.csv,freshness_180,source_trained__corrected_primary__harmonized_dynamic_vitals,ci_low,-0.5891284259644386,-0.5872890396519584,0.0018393863124801513,1e-08,DIFFERENCE,mean_predicted_risk,corrected_primary_source_raw
freshness_180_paired_differences.csv,freshness_180,source_trained__corrected_primary__harmonized_dynamic_vitals,ci_high,-0.3267555085042949,-0.3255411303527099,0.0012143781515850383,1e-08,DIFFERENCE,mean_predicted_risk,corrected_primary_source_raw
freshness_180_paired_differences.csv,freshness_180,source_trained__corrected_primary__harmonized_dynamic_vitals,valid_replicates,1000.0,1000.0,0.0,1e-08,match,mean_predicted_risk,corrected_primary_source_raw
freshness_180_paired_differences.csv,freshness_180,source_trained__corrected_primary__harmonized_last_values,estimate,0.0136243635716009,0.0114096212440109,-0.0022147423275900007,1e-08,DIFFERENCE,auprc,corrected_primary_source_raw
freshness_180_paired_differences.csv,freshness_180,source_trained__corrected_primary__harmonized_last_values,ci_low,-0.0192250464219227,-0.0209746228654002,-0.0017495764434775005,1e-08,DIFFERENCE,auprc,corrected_primary_source_raw
freshness_180_paired_differences.csv,freshness_180,source_trained__corrected_primary__harmonized_last_values,ci_high,0.0401886864880119,0.038272744534575,-0.0019159419534369032,1e-08,DIFFERENCE,auprc,corrected_primary_source_raw
freshness_180_paired_differences.csv,freshness_180,source_trained__corrected_primary__harmonized_last_values,valid_replicates,1000.0,1000.0,0.0,1e-08,match,auprc,corrected_primary_source_raw
freshness_180_paired_differences.csv,freshness_180,source_trained__corrected_primary__harmonized_last_values,estimate,0.0021290502284867,0.0019470329809737,-0.00018201724751299993,1e-08,DIFFERENCE,auroc,corrected_primary_source_raw
freshness_180_paired_differences.csv,freshness_180,source_trained__corrected_primary__harmonized_last_values,ci_low,-0.0493697870499631,-0.0499782456975251,-0.0006084586475619963,1e-08,DIFFERENCE,auroc,corrected_primary_source_raw
freshness_180_paired_differences.csv,freshness_180,source_trained__corrected_primary__harmonized_last_values,ci_high,0.0340283924583039,0.0341523660890842,0.00012397363078030244,1e-08,DIFFERENCE,auroc,corrected_primary_source_raw
freshness_180_paired_differences.csv,freshness_180,source_trained__corrected_primary__harmonized_last_values,valid_replicates,1000.0,1000.0,0.0,1e-08,match,auroc,corrected_primary_source_raw
freshness_180_paired_differences.csv,freshness_180,source_trained__corrected_primary__harmonized_last_values,estimate,-0.2689459509273392,-0.2680257521579062,0.0009201987694330005,1e-08,DIFFERENCE,brier,corrected_primary_source_raw
freshness_180_paired_differences.csv,freshness_180,source_trained__corrected_primary__harmonized_last_values,ci_low,-0.3360397600515881,-0.3349301454917996,0.0011096145597884743,1e-08,DIFFERENCE,brier,corrected_primary_source_raw
freshness_180_paired_differences.csv,freshness_180,source_trained__corrected_primary__harmonized_last_values,ci_high,-0.1723712580785556,-0.1718668561589581,0.0005044019195974969,1e-08,DIFFERENCE,brier,corrected_primary_source_raw
freshness_180_paired_differences.csv,freshness_180,source_trained__corrected_primary__harmonized_last_values,valid_replicates,1000.0,1000.0,0.0,1e-08,match,brier,corrected_primary_source_raw
freshness_180_paired_differences.csv,freshness_180,source_trained__corrected_primary__harmonized_last_values,estimate,0.2877498004569455,0.2886076710813897,0.0008578706244442014,1e-08,DIFFERENCE,calibration_intercept,corrected_primary_source_raw
freshness_180_paired_differences.csv,freshness_180,source_trained__corrected_primary__harmonized_last_values,ci_low,-0.0255491740204389,-0.0212711367368008,0.004278037283638101,1e-08,DIFFERENCE,calibration_intercept,corrected_primary_source_raw
freshness_180_paired_differences.csv,freshness_180,source_trained__corrected_primary__harmonized_last_values,ci_high,0.6851363056841577,0.6849707065535485,-0.0001655991306092064,1e-08,DIFFERENCE,calibration_intercept,corrected_primary_source_raw
freshness_180_paired_differences.csv,freshness_180,source_trained__corrected_primary__harmonized_last_values,valid_replicates,1000.0,1000.0,0.0,1e-08,match,calibration_intercept,corrected_primary_source_raw
freshness_180_paired_differences.csv,freshness_180,source_trained__corrected_primary__harmonized_last_values,estimate,0.1108051462042652,0.1137122319746549,0.0029070857703897,1e-08,DIFFERENCE,calibration_slope,corrected_primary_source_raw
freshness_180_paired_differences.csv,freshness_180,source_trained__corrected_primary__harmonized_last_values,ci_low,-0.0703118736844055,-0.0690318210599132,0.001280052624492295,1e-08,DIFFERENCE,calibration_slope,corrected_primary_source_raw
freshness_180_paired_differences.csv,freshness_180,source_trained__corrected_primary__harmonized_last_values,ci_high,0.2630326916287082,0.2637628164194695,0.000730124790761344,1e-08,DIFFERENCE,calibration_slope,corrected_primary_source_raw
freshness_180_paired_differences.csv,freshness_180,source_trained__corrected_primary__harmonized_last_values,valid_replicates,1000.0,1000.0,0.0,1e-08,match,calibration_slope,corrected_primary_source_raw
freshness_180_paired_differences.csv,freshness_180,source_trained__corrected_primary__harmonized_last_values,estimate,-0.4813257415335594,-0.4810852466510572,0.00024049488250221795,1e-08,DIFFERENCE,mean_predicted_risk,corrected_primary_source_raw
freshness_180_paired_differences.csv,freshness_180,source_trained__corrected_primary__harmonized_last_values,ci_low,-0.566342171681376,-0.566014734331583,0.00032743734979301387,1e-08,DIFFERENCE,mean_predicted_risk,corrected_primary_source_raw
freshness_180_paired_differences.csv,freshness_180,source_trained__corrected_primary__harmonized_last_values,ci_high,-0.289757670010592,-0.2899103631036433,-0.00015269309305132595,1e-08,DIFFERENCE,mean_predicted_risk,corrected_primary_source_raw
freshness_180_paired_differences.csv,freshness_180,source_trained__corrected_primary__harmonized_last_values,valid_replicates,1000.0,1000.0,0.0,1e-08,match,mean_predicted_risk,corrected_primary_source_raw
freshness_180_paired_differences.csv,freshness_180,source_trained__corrected_strict__harmonized_dynamic_vitals,estimate,0.0477958001439958,0.0448349187691646,-0.0029608813748311993,1e-08,DIFFERENCE,auprc,corrected_primary_source_raw
freshness_180_paired_differences.csv,freshness_180,source_trained__corrected_strict__harmonized_dynamic_vitals,ci_low,-0.0007166771248788,-0.0015375818910083,-0.0008209047661295,1e-08,DIFFERENCE,auprc,corrected_primary_source_raw
freshness_180_paired_differences.csv,freshness_180,source_trained__corrected_strict__harmonized_dynamic_vitals,ci_high,0.0737578562432046,0.0700535279947292,-0.0037043282484753998,1e-08,DIFFERENCE,auprc,corrected_primary_source_raw
freshness_180_paired_differences.csv,freshness_180,source_trained__corrected_strict__harmonized_dynamic_vitals,valid_replicates,1000.0,1000.0,0.0,1e-08,match,auprc,corrected_primary_source_raw
freshness_180_paired_differences.csv,freshness_180,source_trained__corrected_strict__harmonized_dynamic_vitals,estimate,0.0302507149692639,0.0279451631674311,-0.002305551801832801,1e-08,DIFFERENCE,auroc,corrected_primary_source_raw
freshness_180_paired_differences.csv,freshness_180,source_trained__corrected_strict__harmonized_dynamic_vitals,ci_low,-0.0257658477303415,-0.0272769108399217,-0.001511063109580199,1e-08,DIFFERENCE,auroc,corrected_primary_source_raw
freshness_180_paired_differences.csv,freshness_180,source_trained__corrected_strict__harmonized_dynamic_vitals,ci_high,0.0596873095164162,0.0568154991179124,-0.002871810398503802,1e-08,DIFFERENCE,auroc,corrected_primary_source_raw
freshness_180_paired_differences.csv,freshness_180,source_trained__corrected_strict__harmonized_dynamic_vitals,valid_replicates,1000.0,1000.0,0.0,1e-08,match,auroc,corrected_primary_source_raw
freshness_180_paired_differences.csv,freshness_180,source_trained__corrected_strict__harmonized_dynamic_vitals,estimate,-0.2697138739688416,-0.2684383091852961,0.001275564783545513,1e-08,DIFFERENCE,brier,corrected_primary_source_raw
freshness_180_paired_differences.csv,freshness_180,source_trained__corrected_strict__harmonized_dynamic_vitals,ci_low,-0.3381317512540202,-0.3366609592879256,0.0014707919660945645,1e-08,DIFFERENCE,brier,corrected_primary_source_raw
freshness_180_paired_differences.csv,freshness_180,source_trained__corrected_strict__harmonized_dynamic_vitals,ci_high,-0.1729328024905936,-0.1719544234015943,0.0009783790889992816,1e-08,DIFFERENCE,brier,corrected_primary_source_raw
freshness_180_paired_differences.csv,freshness_180,source_trained__corrected_strict__harmonized_dynamic_vitals,valid_replicates,1000.0,1000.0,0.0,1e-08,match,brier,corrected_primary_source_raw
freshness_180_paired_differences.csv,freshness_180,source_trained__corrected_strict__harmonized_dynamic_vitals,estimate,0.3484668112973512,0.3400521135033614,-0.00841469779398979,1e-08,DIFFERENCE,calibration_intercept,corrected_primary_source_raw
freshness_180_paired_differences.csv,freshness_180,source_trained__corrected_strict__harmonized_dynamic_vitals,ci_low,0.0057655630689688,0.002558695685364,-0.0032068673836048,1e-08,DIFFERENCE,calibration_intercept,corrected_primary_source_raw
freshness_180_paired_differences.csv,freshness_180,source_trained__corrected_strict__harmonized_dynamic_vitals,ci_high,0.7598202941201336,0.7426532834745975,-0.017167010645536163,1e-08,DIFFERENCE,calibration_intercept,corrected_primary_source_raw
freshness_180_paired_differences.csv,freshness_180,source_trained__corrected_strict__harmonized_dynamic_vitals,valid_replicates,1000.0,1000.0,0.0,1e-08,match,calibration_intercept,corrected_primary_source_raw
freshness_180_paired_differences.csv,freshness_180,source_trained__corrected_strict__harmonized_dynamic_vitals,estimate,0.1806907588528449,0.1720066216772455,-0.008684137175599405,1e-08,DIFFERENCE,calibration_slope,corrected_primary_source_raw
freshness_180_paired_differences.csv,freshness_180,source_trained__corrected_strict__harmonized_dynamic_vitals,ci_low,0.0033208463095627,-0.0028103648427786,-0.0061312111523413,1e-08,DIFFERENCE,calibration_slope,corrected_primary_source_raw
freshness_180_paired_differences.csv,freshness_180,source_trained__corrected_strict__harmonized_dynamic_vitals,ci_high,0.3072679934463732,0.2942918674461012,-0.012976126000271981,1e-08,DIFFERENCE,calibration_slope,corrected_primary_source_raw
freshness_180_paired_differences.csv,freshness_180,source_trained__corrected_strict__harmonized_dynamic_vitals,valid_replicates,1000.0,1000.0,0.0,1e-08,match,calibration_slope,corrected_primary_source_raw
freshness_180_paired_differences.csv,freshness_180,source_trained__corrected_strict__harmonized_dynamic_vitals,estimate,-0.5013562310890303,-0.4984457294306237,0.0029105016584065613,1e-08,DIFFERENCE,mean_predicted_risk,corrected_primary_source_raw
freshness_180_paired_differences.csv,freshness_180,source_trained__corrected_strict__harmonized_dynamic_vitals,ci_low,-0.5853898535582988,-0.5823441519084106,0.003045701649888155,1e-08,DIFFERENCE,mean_predicted_risk,corrected_primary_source_raw
freshness_180_paired_differences.csv,freshness_180,source_trained__corrected_strict__harmonized_dynamic_vitals,ci_high,-0.3230650316914764,-0.3208137878892072,0.002251243802269154,1e-08,DIFFERENCE,mean_predicted_risk,corrected_primary_source_raw
freshness_180_paired_differences.csv,freshness_180,source_trained__corrected_strict__harmonized_dynamic_vitals,valid_replicates,1000.0,1000.0,0.0,1e-08,match,mean_predicted_risk,corrected_primary_source_raw
freshness_180_paired_differences.csv,freshness_180,source_trained__corrected_strict__harmonized_last_values,estimate,0.0165160278128456,0.0136631695571033,-0.0028528582557422986,1e-08,DIFFERENCE,auprc,corrected_primary_source_raw
freshness_180_paired_differences.csv,freshness_180,source_trained__corrected_strict__harmonized_last_values,ci_low,-0.0169369976801292,-0.0195099939196866,-0.0025729962395573992,1e-08,DIFFERENCE,auprc,corrected_primary_source_raw
freshness_180_paired_differences.csv,freshness_180,source_trained__corrected_strict__harmonized_last_values,ci_high,0.0438899088443225,0.0411261123139184,-0.0027637965304041015,1e-08,DIFFERENCE,auprc,corrected_primary_source_raw
freshness_180_paired_differences.csv,freshness_180,source_trained__corrected_strict__harmonized_last_values,valid_replicates,1000.0,1000.0,0.0,1e-08,match,auprc,corrected_primary_source_raw
freshness_180_paired_differences.csv,freshness_180,source_trained__corrected_strict__harmonized_last_values,estimate,0.004892402986186,0.0044483912157373,-0.00044401177044869986,1e-08,DIFFERENCE,auroc,corrected_primary_source_raw
freshness_180_paired_differences.csv,freshness_180,source_trained__corrected_strict__harmonized_last_values,ci_low,-0.0464227131256637,-0.0474922959628739,-0.0010695828372102034,1e-08,DIFFERENCE,auroc,corrected_primary_source_raw
freshness_180_paired_differences.csv,freshness_180,source_trained__corrected_strict__harmonized_last_values,ci_high,0.0369681021177194,0.0366477387167189,-0.00032036340100050076,1e-08,DIFFERENCE,auroc,corrected_primary_source_raw
freshness_180_paired_differences.csv,freshness_180,source_trained__corrected_strict__harmonized_last_values,valid_replicates,1000.0,1000.0,0.0,1e-08,match,auroc,corrected_primary_source_raw
freshness_180_paired_differences.csv,freshness_180,source_trained__corrected_strict__harmonized_last_values,estimate,-0.269327849846683,-0.2683559954505578,0.0009718543961251824,1e-08,DIFFERENCE,brier,corrected_primary_source_raw
freshness_180_paired_differences.csv,freshness_180,source_trained__corrected_strict__harmonized_last_values,ci_low,-0.3363350398865148,-0.3351349892850129,0.001200050601501912,1e-08,DIFFERENCE,brier,corrected_primary_source_raw
freshness_180_paired_differences.csv,freshness_180,source_trained__corrected_strict__harmonized_last_values,ci_high,-0.1723938745553573,-0.1716966296728371,0.0006972448825201816,1e-08,DIFFERENCE,brier,corrected_primary_source_raw
freshness_180_paired_differences.csv,freshness_180,source_trained__corrected_strict__harmonized_last_values,valid_replicates,1000.0,1000.0,0.0,1e-08,match,brier,corrected_primary_source_raw
freshness_180_paired_differences.csv,freshness_180,source_trained__corrected_strict__harmonized_last_values,estimate,0.2914703717568607,0.2913511177553703,-0.00011925400149037646,1e-08,DIFFERENCE,calibration_intercept,corrected_primary_source_raw
freshness_180_paired_differences.csv,freshness_180,source_trained__corrected_strict__harmonized_last_values,ci_low,-0.0190554583608178,-0.0143956506560548,0.004659807704763,1e-08,DIFFERENCE,calibration_intercept,corrected_primary_source_raw
freshness_180_paired_differences.csv,freshness_180,source_trained__corrected_strict__harmonized_last_values,ci_high,0.6867714200294648,0.6833966651333324,-0.0033747548961323703,1e-08,DIFFERENCE,calibration_intercept,corrected_primary_source_raw
freshness_180_paired_differences.csv,freshness_180,source_trained__corrected_strict__harmonized_last_values,valid_replicates,1000.0,1000.0,0.0,1e-08,match,calibration_intercept,corrected_primary_source_raw
freshness_180_paired_differences.csv,freshness_180,source_trained__corrected_strict__harmonized_last_values,estimate,0.1211467096625475,0.123572963377228,0.0024262537146805124,1e-08,DIFFERENCE,calibration_slope,corrected_primary_source_raw
freshness_180_paired_differences.csv,freshness_180,source_trained__corrected_strict__harmonized_last_values,ci_low,-0.0600455956467107,-0.0586627401419104,0.001382855504800301,1e-08,DIFFERENCE,calibration_slope,corrected_primary_source_raw
freshness_180_paired_differences.csv,freshness_180,source_trained__corrected_strict__harmonized_last_values,ci_high,0.2750839237153188,0.2733949711205983,-0.0016889525947205164,1e-08,DIFFERENCE,calibration_slope,corrected_primary_source_raw
freshness_180_paired_differences.csv,freshness_180,source_trained__corrected_strict__harmonized_last_values,valid_replicates,1000.0,1000.0,0.0,1e-08,match,calibration_slope,corrected_primary_source_raw
freshness_180_paired_differences.csv,freshness_180,source_trained__corrected_strict__harmonized_last_values,estimate,-0.4788220909500127,-0.4776425888950404,0.0011795020549723034,1e-08,DIFFERENCE,mean_predicted_risk,corrected_primary_source_raw
freshness_180_paired_differences.csv,freshness_180,source_trained__corrected_strict__harmonized_last_values,ci_low,-0.5639596042106124,-0.5626177949293096,0.001341809281302786,1e-08,DIFFERENCE,mean_predicted_risk,corrected_primary_source_raw
freshness_180_paired_differences.csv,freshness_180,source_trained__corrected_strict__harmonized_last_values,ci_high,-0.2875657453630039,-0.2867613774404746,0.0008043679225293032,1e-08,DIFFERENCE,mean_predicted_risk,corrected_primary_source_raw
freshness_180_paired_differences.csv,freshness_180,source_trained__corrected_strict__harmonized_last_values,valid_replicates,1000.0,1000.0,0.0,1e-08,match,mean_predicted_risk,corrected_primary_source_raw
freshness_180_paired_differences.csv,freshness_180,target_native__harmonized_dynamic_vitals,estimate,0.1081232727980702,0.1075223496437087,-0.000600923154361499,1e-08,DIFFERENCE,auprc,corrected_primary_source_raw
freshness_180_paired_differences.csv,freshness_180,target_native__harmonized_dynamic_vitals,ci_low,0.0272551209967664,0.0265629980288078,-0.0006921229679585986,1e-08,DIFFERENCE,auprc,corrected_primary_source_raw
freshness_180_paired_differences.csv,freshness_180,target_native__harmonized_dynamic_vitals,ci_high,0.1453799505099244,0.1445083767786815,-0.0008715737312428862,1e-08,DIFFERENCE,auprc,corrected_primary_source_raw
freshness_180_paired_differences.csv,freshness_180,target_native__harmonized_dynamic_vitals,valid_replicates,1000.0,1000.0,0.0,1e-08,match,auprc,corrected_primary_source_raw
freshness_180_paired_differences.csv,freshness_180,target_native__harmonized_dynamic_vitals,estimate,0.1106058140721395,0.1105396259821347,-6.618809000480397e-05,1e-08,DIFFERENCE,auroc,corrected_primary_source_raw
freshness_180_paired_differences.csv,freshness_180,target_native__harmonized_dynamic_vitals,ci_low,0.0246143046417911,0.0243435819534007,-0.0002707226883903978,1e-08,DIFFERENCE,auroc,corrected_primary_source_raw
freshness_180_paired_differences.csv,freshness_180,target_native__harmonized_dynamic_vitals,ci_high,0.1544483180547172,0.1542830438266342,-0.00016527422808301773,1e-08,DIFFERENCE,auroc,corrected_primary_source_raw
freshness_180_paired_differences.csv,freshness_180,target_native__harmonized_dynamic_vitals,valid_replicates,1000.0,1000.0,0.0,1e-08,match,auroc,corrected_primary_source_raw
freshness_180_paired_differences.csv,freshness_180,target_native__harmonized_dynamic_vitals,estimate,-0.2799122865264078,-0.2790161421735648,0.0008961443528430202,1e-08,DIFFERENCE,brier,corrected_primary_source_raw
freshness_180_paired_differences.csv,freshness_180,target_native__harmonized_dynamic_vitals,ci_low,-0.3482603935050521,-0.3472812780660014,0.000979115439050715,1e-08,DIFFERENCE,brier,corrected_primary_source_raw
freshness_180_paired_differences.csv,freshness_180,target_native__harmonized_dynamic_vitals,ci_high,-0.1714708623760872,-0.1710202413203076,0.00045062105577958755,1e-08,DIFFERENCE,brier,corrected_primary_source_raw
freshness_180_paired_differences.csv,freshness_180,target_native__harmonized_dynamic_vitals,valid_replicates,1000.0,1000.0,0.0,1e-08,match,brier,corrected_primary_source_raw
freshness_180_paired_differences.csv,freshness_180,target_native__harmonized_dynamic_vitals,estimate,0.3658870370700255,0.3641939916500544,-0.0016930454199711176,1e-08,DIFFERENCE,calibration_intercept,corrected_primary_source_raw
freshness_180_paired_differences.csv,freshness_180,target_native__harmonized_dynamic_vitals,ci_low,0.1183552387681511,0.1172538466173196,-0.0011013921508315067,1e-08,DIFFERENCE,calibration_intercept,corrected_primary_source_raw
freshness_180_paired_differences.csv,freshness_180,target_native__harmonized_dynamic_vitals,ci_high,0.7084958940981115,0.7038486186982901,-0.00464727539982146,1e-08,DIFFERENCE,calibration_intercept,corrected_primary_source_raw
freshness_180_paired_differences.csv,freshness_180,target_native__harmonized_dynamic_vitals,valid_replicates,1000.0,1000.0,0.0,1e-08,match,calibration_intercept,corrected_primary_source_raw
freshness_180_paired_differences.csv,freshness_180,target_native__harmonized_dynamic_vitals,estimate,0.5398258511083612,0.5394066577773738,-0.00041919333098738853,1e-08,DIFFERENCE,calibration_slope,corrected_primary_source_raw
freshness_180_paired_differences.csv,freshness_180,target_native__harmonized_dynamic_vitals,ci_low,0.232661821704233,0.2308594774443991,-0.001802344259833888,1e-08,DIFFERENCE,calibration_slope,corrected_primary_source_raw
freshness_180_paired_differences.csv,freshness_180,target_native__harmonized_dynamic_vitals,ci_high,0.6974826204957443,0.6973255853702299,-0.00015703512551434873,1e-08,DIFFERENCE,calibration_slope,corrected_primary_source_raw
freshness_180_paired_differences.csv,freshness_180,target_native__harmonized_dynamic_vitals,valid_replicates,1000.0,1000.0,0.0,1e-08,match,calibration_slope,corrected_primary_source_raw
freshness_180_paired_differences.csv,freshness_180,target_native__harmonized_dynamic_vitals,estimate,-0.4265711058453847,-0.4255834875713618,0.0009876182740229389,1e-08,DIFFERENCE,mean_predicted_risk,corrected_primary_source_raw
freshness_180_paired_differences.csv,freshness_180,target_native__harmonized_dynamic_vitals,ci_low,-0.5183034210857336,-0.5172071402988332,0.0010962807869003832,1e-08,DIFFERENCE,mean_predicted_risk,corrected_primary_source_raw
freshness_180_paired_differences.csv,freshness_180,target_native__harmonized_dynamic_vitals,ci_high,-0.2319866425855636,-0.2311956342858691,0.0007910082996945011,1e-08,DIFFERENCE,mean_predicted_risk,corrected_primary_source_raw
freshness_180_paired_differences.csv,freshness_180,target_native__harmonized_dynamic_vitals,valid_replicates,1000.0,1000.0,0.0,1e-08,match,mean_predicted_risk,corrected_primary_source_raw
freshness_180_paired_differences.csv,freshness_180,target_native__harmonized_last_values,estimate,0.1051478562413455,0.1045425028551219,-0.0006053533862235977,1e-08,DIFFERENCE,auprc,corrected_primary_source_raw
freshness_180_paired_differences.csv,freshness_180,target_native__harmonized_last_values,ci_low,0.0316917611301025,0.0321525315282367,0.0004607703981342054,1e-08,DIFFERENCE,auprc,corrected_primary_source_raw
freshness_180_paired_differences.csv,freshness_180,target_native__harmonized_last_values,ci_high,0.1486680104109095,0.1482907822564944,-0.00037722815441509905,1e-08,DIFFERENCE,auprc,corrected_primary_source_raw
freshness_180_paired_differences.csv,freshness_180,target_native__harmonized_last_values,valid_replicates,1000.0,1000.0,0.0,1e-08,match,auprc,corrected_primary_source_raw
freshness_180_paired_differences.csv,freshness_180,target_native__harmonized_last_values,estimate,0.0967614719128082,0.096698041659887,-6.343025292120108e-05,1e-08,DIFFERENCE,auroc,corrected_primary_source_raw
freshness_180_paired_differences.csv,freshness_180,target_native__harmonized_last_values,ci_low,0.0157936440322396,0.0157898304135732,-3.8136186663977056e-06,1e-08,DIFFERENCE,auroc,corrected_primary_source_raw
freshness_180_paired_differences.csv,freshness_180,target_native__harmonized_last_values,ci_high,0.1481706934135614,0.14780219663014,-0.000368496783421407,1e-08,DIFFERENCE,auroc,corrected_primary_source_raw
freshness_180_paired_differences.csv,freshness_180,target_native__harmonized_last_values,valid_replicates,1000.0,1000.0,0.0,1e-08,match,auroc,corrected_primary_source_raw
freshness_180_paired_differences.csv,freshness_180,target_native__harmonized_last_values,estimate,-0.2799584396212361,-0.2790625781914357,0.0008958614298004153,1e-08,DIFFERENCE,brier,corrected_primary_source_raw
freshness_180_paired_differences.csv,freshness_180,target_native__harmonized_last_values,ci_low,-0.3476990570616842,-0.3467660122713246,0.0009330447903596051,1e-08,DIFFERENCE,brier,corrected_primary_source_raw
freshness_180_paired_differences.csv,freshness_180,target_native__harmonized_last_values,ci_high,-0.1753459481135214,-0.1749424118566629,0.0004035362568584888,1e-08,DIFFERENCE,brier,corrected_primary_source_raw
freshness_180_paired_differences.csv,freshness_180,target_native__harmonized_last_values,valid_replicates,1000.0,1000.0,0.0,1e-08,match,brier,corrected_primary_source_raw
freshness_180_paired_differences.csv,freshness_180,target_native__harmonized_last_values,estimate,0.387023366848769,0.3853342214583578,-0.0016891453904112064,1e-08,DIFFERENCE,calibration_intercept,corrected_primary_source_raw
freshness_180_paired_differences.csv,freshness_180,target_native__harmonized_last_values,ci_low,0.1585331061029157,0.1565911286644289,-0.0019419774384868138,1e-08,DIFFERENCE,calibration_intercept,corrected_primary_source_raw
freshness_180_paired_differences.csv,freshness_180,target_native__harmonized_last_values,ci_high,0.6900615499669727,0.6856884517659817,-0.004373098200990966,1e-08,DIFFERENCE,calibration_intercept,corrected_primary_source_raw
freshness_180_paired_differences.csv,freshness_180,target_native__harmonized_last_values,valid_replicates,1000.0,1000.0,0.0,1e-08,match,calibration_intercept,corrected_primary_source_raw
freshness_180_paired_differences.csv,freshness_180,target_native__harmonized_last_values,estimate,0.7542598582804662,0.7538483631722003,-0.0004114951082658802,1e-08,DIFFERENCE,calibration_slope,corrected_primary_source_raw
freshness_180_paired_differences.csv,freshness_180,target_native__harmonized_last_values,ci_low,0.4087610264636865,0.4078005755215779,-0.0009604509421086149,1e-08,DIFFERENCE,calibration_slope,corrected_primary_source_raw
freshness_180_paired_differences.csv,freshness_180,target_native__harmonized_last_values,ci_high,1.0061124635283594,1.005805917643131,-0.000306545885228271,1e-08,DIFFERENCE,calibration_slope,corrected_primary_source_raw
freshness_180_paired_differences.csv,freshness_180,target_native__harmonized_last_values,valid_replicates,1000.0,1000.0,0.0,1e-08,match,calibration_slope,corrected_primary_source_raw
freshness_180_paired_differences.csv,freshness_180,target_native__harmonized_last_values,estimate,-0.4176636455518392,-0.4166768468755936,0.000986798676245626,1e-08,DIFFERENCE,mean_predicted_risk,corrected_primary_source_raw
freshness_180_paired_differences.csv,freshness_180,target_native__harmonized_last_values,ci_low,-0.5068401417757106,-0.5058060481433335,0.0010340936323770533,1e-08,DIFFERENCE,mean_predicted_risk,corrected_primary_source_raw
freshness_180_paired_differences.csv,freshness_180,target_native__harmonized_last_values,ci_high,-0.212135093638335,-0.2111639488664519,0.0009711447718830923,1e-08,DIFFERENCE,mean_predicted_risk,corrected_primary_source_raw
freshness_180_paired_differences.csv,freshness_180,target_native__harmonized_last_values,valid_replicates,1000.0,1000.0,0.0,1e-08,match,mean_predicted_risk,corrected_primary_source_raw
freshness_180_paired_differences.csv,freshness_180,target_native_refit,estimate,0.0939681433794496,0.0932718159155144,-0.0006963274639352063,1e-08,DIFFERENCE,auprc,corrected_primary_source_raw
freshness_180_paired_differences.csv,freshness_180,target_native_refit,ci_low,0.0144216823006877,0.01422698243875,-0.0001946998619376996,1e-08,DIFFERENCE,auprc,corrected_primary_source_raw
freshness_180_paired_differences.csv,freshness_180,target_native_refit,ci_high,0.1393098347746711,0.1385340825218157,-0.000775752252855394,1e-08,DIFFERENCE,auprc,corrected_primary_source_raw
freshness_180_paired_differences.csv,freshness_180,target_native_refit,valid_replicates,1000.0,1000.0,0.0,1e-08,match,auprc,corrected_primary_source_raw
freshness_180_paired_differences.csv,freshness_180,target_native_refit,estimate,0.1040945607179201,0.104083529369586,-1.1031348334106239e-05,1e-08,DIFFERENCE,auroc,corrected_primary_source_raw
freshness_180_paired_differences.csv,freshness_180,target_native_refit,ci_low,0.0096477860395622,0.0105217648530107,0.0008739788134485005,1e-08,DIFFERENCE,auroc,corrected_primary_source_raw
freshness_180_paired_differences.csv,freshness_180,target_native_refit,ci_high,0.1531961405213873,0.1532337028789193,3.7562357531994994e-05,1e-08,DIFFERENCE,auroc,corrected_primary_source_raw
freshness_180_paired_differences.csv,freshness_180,target_native_refit,valid_replicates,1000.0,1000.0,0.0,1e-08,match,auroc,corrected_primary_source_raw
freshness_180_paired_differences.csv,freshness_180,target_native_refit,estimate,-0.2795542907515515,-0.2786630143961399,0.000891276355411641,1e-08,DIFFERENCE,brier,corrected_primary_source_raw
freshness_180_paired_differences.csv,freshness_180,target_native_refit,ci_low,-0.3497672855438735,-0.3487174100775924,0.0010498754662811027,1e-08,DIFFERENCE,brier,corrected_primary_source_raw
freshness_180_paired_differences.csv,freshness_180,target_native_refit,ci_high,-0.1684208748921745,-0.1678518258830752,0.0005690490090992928,1e-08,DIFFERENCE,brier,corrected_primary_source_raw
freshness_180_paired_differences.csv,freshness_180,target_native_refit,valid_replicates,1000.0,1000.0,0.0,1e-08,match,brier,corrected_primary_source_raw
freshness_180_paired_differences.csv,freshness_180,target_native_refit,estimate,0.4005921113120793,0.3989673640301412,-0.001624747281938066,1e-08,DIFFERENCE,calibration_intercept,corrected_primary_source_raw
freshness_180_paired_differences.csv,freshness_180,target_native_refit,ci_low,0.1422601232047773,0.1417885637314552,-0.00047155947332208625,1e-08,DIFFERENCE,calibration_intercept,corrected_primary_source_raw
freshness_180_paired_differences.csv,freshness_180,target_native_refit,ci_high,0.7622246577411288,0.7584475163697735,-0.0037771413713553192,1e-08,DIFFERENCE,calibration_intercept,corrected_primary_source_raw
freshness_180_paired_differences.csv,freshness_180,target_native_refit,valid_replicates,1000.0,1000.0,0.0,1e-08,match,calibration_intercept,corrected_primary_source_raw
freshness_180_paired_differences.csv,freshness_180,target_native_refit,estimate,0.4970298473708632,0.4968120547340416,-0.0002177926368215899,1e-08,DIFFERENCE,calibration_slope,corrected_primary_source_raw
freshness_180_paired_differences.csv,freshness_180,target_native_refit,ci_low,0.178858480874879,0.1777584071317955,-0.0011000737430834906,1e-08,DIFFERENCE,calibration_slope,corrected_primary_source_raw
freshness_180_paired_differences.csv,freshness_180,target_native_refit,ci_high,0.7032601200935756,0.7043158749306551,0.0010557548370794256,1e-08,DIFFERENCE,calibration_slope,corrected_primary_source_raw
freshness_180_paired_differences.csv,freshness_180,target_native_refit,valid_replicates,1000.0,1000.0,0.0,1e-08,match,calibration_slope,corrected_primary_source_raw
freshness_180_paired_differences.csv,freshness_180,target_native_refit,estimate,-0.4459992396146475,-0.4450095791027816,0.0009896605118658863,1e-08,DIFFERENCE,mean_predicted_risk,corrected_primary_source_raw
freshness_180_paired_differences.csv,freshness_180,target_native_refit,ci_low,-0.5469612137726714,-0.5459460528621279,0.0010151609105434334,1e-08,DIFFERENCE,mean_predicted_risk,corrected_primary_source_raw
freshness_180_paired_differences.csv,freshness_180,target_native_refit,ci_high,-0.2295807672637117,-0.2286482314603034,0.0009325358034082964,1e-08,DIFFERENCE,mean_predicted_risk,corrected_primary_source_raw
freshness_180_paired_differences.csv,freshness_180,target_native_refit,valid_replicates,1000.0,1000.0,0.0,1e-08,match,mean_predicted_risk,corrected_primary_source_raw
gap_60_performance.csv,gap_60,corrected_primary_source_intercept_recalibrated,n,1839.0,1839.0,0.0,1e-10,match,,
gap_60_performance.csv,gap_60,corrected_primary_source_intercept_recalibrated,hospitals,37.0,37.0,0.0,1e-10,match,,
gap_60_performance.csv,gap_60,corrected_primary_source_intercept_recalibrated,events,482.0,482.0,0.0,1e-10,match,,
gap_60_performance.csv,gap_60,corrected_primary_source_intercept_recalibrated,prevalence,0.2620989668297988,0.2620989668297988,0.0,1e-10,match,,
gap_60_performance.csv,gap_60,corrected_primary_source_intercept_recalibrated,auroc,0.5065573620110263,0.507032843378578,0.0004754813675517111,1e-10,DIFFERENCE,,
gap_60_performance.csv,gap_60,corrected_primary_source_intercept_recalibrated,auprc,0.255838494213136,0.2562839557406866,0.00044546152755059465,1e-10,DIFFERENCE,,
gap_60_performance.csv,gap_60,corrected_primary_source_intercept_recalibrated,brier,0.3359400492144853,0.3357391976671378,-0.00020085154734750255,1e-10,DIFFERENCE,,
gap_60_performance.csv,gap_60,corrected_primary_source_intercept_recalibrated,calibration_intercept,-1.0057909428784322,-1.00604341048348,-0.0002524676050477126,1e-10,DIFFERENCE,,
gap_60_performance.csv,gap_60,corrected_primary_source_intercept_recalibrated,calibration_slope,0.0384182062902625,0.0389031153268599,0.0004849090365974043,1e-10,DIFFERENCE,,
gap_60_performance.csv,gap_60,corrected_primary_source_intercept_recalibrated,mean_predicted_risk,0.4872346661612839,0.4870590875895608,-0.00017557857172312286,1e-10,DIFFERENCE,,
gap_60_performance.csv,gap_60,corrected_primary_source_logistic_recalibrated,n,1839.0,1839.0,0.0,1e-10,match,,
gap_60_performance.csv,gap_60,corrected_primary_source_logistic_recalibrated,hospitals,37.0,37.0,0.0,1e-10,match,,
gap_60_performance.csv,gap_60,corrected_primary_source_logistic_recalibrated,events,482.0,482.0,0.0,1e-10,match,,
gap_60_performance.csv,gap_60,corrected_primary_source_logistic_recalibrated,prevalence,0.2620989668297988,0.2620989668297988,0.0,1e-10,match,,
gap_60_performance.csv,gap_60,corrected_primary_source_logistic_recalibrated,auroc,0.4934426379889737,0.4929671566214221,-0.0004754813675516001,1e-10,DIFFERENCE,,
gap_60_performance.csv,gap_60,corrected_primary_source_logistic_recalibrated,auprc,0.2533629550913233,0.2531685973496165,-0.00019435774170678544,1e-10,DIFFERENCE,,
gap_60_performance.csv,gap_60,corrected_primary_source_logistic_recalibrated,brier,0.1941879999228895,0.1941893344772544,1.3345543649068148e-06,1e-10,DIFFERENCE,,
gap_60_performance.csv,gap_60,corrected_primary_source_logistic_recalibrated,calibration_intercept,-23.429196634805912,-20.971487277148466,2.4577093576574462,1e-10,DIFFERENCE,,
gap_60_performance.csv,gap_60,corrected_primary_source_logistic_recalibrated,calibration_slope,-24.9315477384429,-22.18693259673164,2.744615141711261,1e-10,DIFFERENCE,,
gap_60_performance.csv,gap_60,corrected_primary_source_logistic_recalibrated,mean_predicted_risk,0.2894401169623004,0.289373269971821,-6.684699047937448e-05,1e-10,DIFFERENCE,,
gap_60_performance.csv,gap_60,corrected_primary_source_raw,n,1839.0,1839.0,0.0,1e-10,match,,
gap_60_performance.csv,gap_60,corrected_primary_source_raw,hospitals,37.0,37.0,0.0,1e-10,match,,
gap_60_performance.csv,gap_60,corrected_primary_source_raw,events,482.0,482.0,0.0,1e-10,match,,
gap_60_performance.csv,gap_60,corrected_primary_source_raw,prevalence,0.2620989668297988,0.2620989668297988,0.0,1e-10,match,,
gap_60_performance.csv,gap_60,corrected_primary_source_raw,auroc,0.5065573620110263,0.507032843378578,0.0004754813675517111,1e-10,DIFFERENCE,,
gap_60_performance.csv,gap_60,corrected_primary_source_raw,auprc,0.255838494213136,0.2562839557406866,0.00044546152755059465,1e-10,DIFFERENCE,,
gap_60_performance.csv,gap_60,corrected_primary_source_raw,brier,0.5799604902415343,0.5790210451635995,-0.000939445077934753,1e-10,DIFFERENCE,,
gap_60_performance.csv,gap_60,corrected_primary_source_raw,calibration_intercept,-1.1741932923503504,-1.173478110600032,0.0007151817503183722,1e-10,DIFFERENCE,,
gap_60_performance.csv,gap_60,corrected_primary_source_raw,calibration_slope,0.0387502680385323,0.0392278927669649,0.00047762472843260184,1e-10,DIFFERENCE,,
gap_60_performance.csv,gap_60,corrected_primary_source_raw,mean_predicted_risk,0.8198618551059125,0.8188630617759927,-0.0009987933299198115,1e-10,DIFFERENCE,,
gap_60_performance.csv,gap_60,corrected_strict_source_intercept_recalibrated,n,1839.0,1839.0,0.0,1e-10,match,,
gap_60_performance.csv,gap_60,corrected_strict_source_intercept_recalibrated,hospitals,37.0,37.0,0.0,1e-10,match,,
gap_60_performance.csv,gap_60,corrected_strict_source_intercept_recalibrated,events,482.0,482.0,0.0,1e-10,match,,
gap_60_performance.csv,gap_60,corrected_strict_source_intercept_recalibrated,prevalence,0.2620989668297988,0.2620989668297988,0.0,1e-10,match,,
gap_60_performance.csv,gap_60,corrected_strict_source_intercept_recalibrated,auroc,0.5072652329858701,0.5072835795338142,1.8346547944081415e-05,1e-10,DIFFERENCE,,
gap_60_performance.csv,gap_60,corrected_strict_source_intercept_recalibrated,auprc,0.2559781282914914,0.255746781195086,-0.00023134709640543205,1e-10,DIFFERENCE,,
gap_60_performance.csv,gap_60,corrected_strict_source_intercept_recalibrated,brier,0.3344192259259985,0.3351178784085597,0.000698652482561235,1e-10,DIFFERENCE,,
gap_60_performance.csv,gap_60,corrected_strict_source_intercept_recalibrated,calibration_intercept,-1.0051856807081052,-1.0053424102583255,-0.00015672955022028034,1e-10,DIFFERENCE,,
gap_60_performance.csv,gap_60,corrected_strict_source_intercept_recalibrated,calibration_slope,0.0394412625938382,0.0392169769141048,-0.0002242856797333992,1e-10,DIFFERENCE,,
gap_60_performance.csv,gap_60,corrected_strict_source_intercept_recalibrated,mean_predicted_risk,0.4867519689395232,0.4872333847305679,0.00048141579104465926,1e-10,DIFFERENCE,,
gap_60_performance.csv,gap_60,corrected_strict_source_logistic_recalibrated,n,1839.0,1839.0,0.0,1e-10,match,,
gap_60_performance.csv,gap_60,corrected_strict_source_logistic_recalibrated,hospitals,37.0,37.0,0.0,1e-10,match,,
gap_60_performance.csv,gap_60,corrected_strict_source_logistic_recalibrated,events,482.0,482.0,0.0,1e-10,match,,
gap_60_performance.csv,gap_60,corrected_strict_source_logistic_recalibrated,prevalence,0.2620989668297988,0.2620989668297988,0.0,1e-10,match,,
gap_60_performance.csv,gap_60,corrected_strict_source_logistic_recalibrated,auroc,0.4927347670141299,0.4927164204661857,-1.8346547944192437e-05,1e-10,DIFFERENCE,,
gap_60_performance.csv,gap_60,corrected_strict_source_logistic_recalibrated,auprc,0.2531733843503048,0.253309057069231,0.00013567271892622745,1e-10,DIFFERENCE,,
gap_60_performance.csv,gap_60,corrected_strict_source_logistic_recalibrated,brier,0.1941864842370402,0.1941867879287069,3.036916666754319e-07,1e-10,DIFFERENCE,,
gap_60_performance.csv,gap_60,corrected_strict_source_logistic_recalibrated,calibration_intercept,-35.52778434044836,-32.17751460773461,3.3502697327137554,1e-10,DIFFERENCE,,
gap_60_performance.csv,gap_60,corrected_strict_source_logistic_recalibrated,calibration_slope,-38.444311934272015,-34.701877316106994,3.7424346181650208,1e-10,DIFFERENCE,,
gap_60_performance.csv,gap_60,corrected_strict_source_logistic_recalibrated,mean_predicted_risk,0.2896400327357785,0.289597383654489,-4.264908128948086e-05,1e-10,DIFFERENCE,,
gap_60_performance.csv,gap_60,corrected_strict_source_raw,n,1839.0,1839.0,0.0,1e-10,match,,
gap_60_performance.csv,gap_60,corrected_strict_source_raw,hospitals,37.0,37.0,0.0,1e-10,match,,
gap_60_performance.csv,gap_60,corrected_strict_source_raw,events,482.0,482.0,0.0,1e-10,match,,
gap_60_performance.csv,gap_60,corrected_strict_source_raw,prevalence,0.2620989668297988,0.2620989668297988,0.0,1e-10,match,,
gap_60_performance.csv,gap_60,corrected_strict_source_raw,auroc,0.5072652329858701,0.5072835795338142,1.8346547944081415e-05,1e-10,DIFFERENCE,,
gap_60_performance.csv,gap_60,corrected_strict_source_raw,auprc,0.2559781282914914,0.255746781195086,-0.00023134709640543205,1e-10,DIFFERENCE,,
gap_60_performance.csv,gap_60,corrected_strict_source_raw,brier,0.5800267935036658,0.5802763383368305,0.0002495448331646388,1e-10,DIFFERENCE,,
gap_60_performance.csv,gap_60,corrected_strict_source_raw,calibration_intercept,-1.1773271573856945,-1.1771802644268388,0.00014689295885572662,1e-10,DIFFERENCE,,
gap_60_performance.csv,gap_60,corrected_strict_source_raw,calibration_slope,0.0397603391187756,0.0395380892874658,-0.00022224983130979953,1e-10,DIFFERENCE,,
gap_60_performance.csv,gap_60,corrected_strict_source_raw,mean_predicted_risk,0.8208776105855685,0.8210487680431902,0.00017115745762164014,1e-10,DIFFERENCE,,
gap_60_performance.csv,gap_60,source_trained__corrected_primary__harmonized_dynamic_vitals,n,1839.0,1839.0,0.0,1e-10,match,,
gap_60_performance.csv,gap_60,source_trained__corrected_primary__harmonized_dynamic_vitals,hospitals,37.0,37.0,0.0,1e-10,match,,
gap_60_performance.csv,gap_60,source_trained__corrected_primary__harmonized_dynamic_vitals,events,482.0,482.0,0.0,1e-10,match,,
gap_60_performance.csv,gap_60,source_trained__corrected_primary__harmonized_dynamic_vitals,prevalence,0.2620989668297988,0.2620989668297988,0.0,1e-10,match,,
gap_60_performance.csv,gap_60,source_trained__corrected_primary__harmonized_dynamic_vitals,auroc,0.5260138761057618,0.5241914523433129,-0.0018224237624488993,1e-10,DIFFERENCE,,
gap_60_performance.csv,gap_60,source_trained__corrected_primary__harmonized_dynamic_vitals,auprc,0.2841175403608524,0.2828883049466193,-0.0012292354142330875,1e-10,DIFFERENCE,,
gap_60_performance.csv,gap_60,source_trained__corrected_primary__harmonized_dynamic_vitals,brier,0.2082831995723218,0.2088069275662221,0.000523727993900297,1e-10,DIFFERENCE,,
gap_60_performance.csv,gap_60,source_trained__corrected_primary__harmonized_dynamic_vitals,calibration_intercept,-0.9528992306131958,-0.9553164657070516,-0.0024172350938558296,1e-10,DIFFERENCE,,
gap_60_performance.csv,gap_60,source_trained__corrected_primary__harmonized_dynamic_vitals,calibration_slope,0.1212600870470957,0.117726574581215,-0.0035335124658807116,1e-10,DIFFERENCE,,
gap_60_performance.csv,gap_60,source_trained__corrected_primary__harmonized_dynamic_vitals,mean_predicted_risk,0.3510378994408206,0.3514798047719438,0.0004419053311232046,1e-10,DIFFERENCE,,
gap_60_performance.csv,gap_60,source_trained__corrected_primary__harmonized_last_values,n,1839.0,1839.0,0.0,1e-10,match,,
gap_60_performance.csv,gap_60,source_trained__corrected_primary__harmonized_last_values,hospitals,37.0,37.0,0.0,1e-10,match,,
gap_60_performance.csv,gap_60,source_trained__corrected_primary__harmonized_last_values,events,482.0,482.0,0.0,1e-10,match,,
gap_60_performance.csv,gap_60,source_trained__corrected_primary__harmonized_last_values,prevalence,0.2620989668297988,0.2620989668297988,0.0,1e-10,match,,
gap_60_performance.csv,gap_60,source_trained__corrected_primary__harmonized_last_values,auroc,0.491861777107789,0.4905102480759058,-0.0013515290318831807,1e-10,DIFFERENCE,,
gap_60_performance.csv,gap_60,source_trained__corrected_primary__harmonized_last_values,auprc,0.2523748219387027,0.2512835409649595,-0.001091280973743225,1e-10,DIFFERENCE,,
gap_60_performance.csv,gap_60,source_trained__corrected_primary__harmonized_last_values,brier,0.2163307400128702,0.2163644780879151,3.3738075044892346e-05,1e-10,DIFFERENCE,,
gap_60_performance.csv,gap_60,source_trained__corrected_primary__harmonized_last_values,calibration_intercept,-1.0396819204684855,-1.0410372667596042,-0.0013553462911186642,1e-10,DIFFERENCE,,
gap_60_performance.csv,gap_60,source_trained__corrected_primary__harmonized_last_values,calibration_slope,-0.0082820122850926,-0.0106198710794074,-0.0023378587943147996,1e-10,DIFFERENCE,,
gap_60_performance.csv,gap_60,source_trained__corrected_primary__harmonized_last_values,mean_predicted_risk,0.3800093939942966,0.3791210627290734,-0.0008883312652231967,1e-10,DIFFERENCE,,
gap_60_performance.csv,gap_60,source_trained__corrected_strict__harmonized_dynamic_vitals,n,1839.0,1839.0,0.0,1e-10,match,,
gap_60_performance.csv,gap_60,source_trained__corrected_strict__harmonized_dynamic_vitals,hospitals,37.0,37.0,0.0,1e-10,match,,
gap_60_performance.csv,gap_60,source_trained__corrected_strict__harmonized_dynamic_vitals,events,482.0,482.0,0.0,1e-10,match,,
gap_60_performance.csv,gap_60,source_trained__corrected_strict__harmonized_dynamic_vitals,prevalence,0.2620989668297988,0.2620989668297988,0.0,1e-10,match,,
gap_60_performance.csv,gap_60,source_trained__corrected_strict__harmonized_dynamic_vitals,auroc,0.5270688026125484,0.5243657445487819,-0.0027030580637664725,1e-10,DIFFERENCE,,
gap_60_performance.csv,gap_60,source_trained__corrected_strict__harmonized_dynamic_vitals,auprc,0.2846254098778355,0.2829929644443588,-0.0016324454334767369,1e-10,DIFFERENCE,,
gap_60_performance.csv,gap_60,source_trained__corrected_strict__harmonized_dynamic_vitals,brier,0.2087070385400919,0.2096294554955148,0.0009224169554228889,1e-10,DIFFERENCE,,
gap_60_performance.csv,gap_60,source_trained__corrected_strict__harmonized_dynamic_vitals,calibration_intercept,-0.9469798402605568,-0.9559576400721892,-0.008977799811632381,1e-10,DIFFERENCE,,
gap_60_performance.csv,gap_60,source_trained__corrected_strict__harmonized_dynamic_vitals,calibration_slope,0.1344929021628408,0.1214850379447075,-0.013007864218133297,1e-10,DIFFERENCE,,
gap_60_performance.csv,gap_60,source_trained__corrected_strict__harmonized_dynamic_vitals,mean_predicted_risk,0.3551715579056935,0.3568618490517614,0.0016902911460678904,1e-10,DIFFERENCE,,
gap_60_performance.csv,gap_60,source_trained__corrected_strict__harmonized_last_values,n,1839.0,1839.0,0.0,1e-10,match,,
gap_60_performance.csv,gap_60,source_trained__corrected_strict__harmonized_last_values,hospitals,37.0,37.0,0.0,1e-10,match,,
gap_60_performance.csv,gap_60,source_trained__corrected_strict__harmonized_last_values,events,482.0,482.0,0.0,1e-10,match,,
gap_60_performance.csv,gap_60,source_trained__corrected_strict__harmonized_last_values,prevalence,0.2620989668297988,0.2620989668297988,0.0,1e-10,match,,
gap_60_performance.csv,gap_60,source_trained__corrected_strict__harmonized_last_values,auroc,0.4945388442286347,0.4930298406602311,-0.0015090035684036107,1e-10,DIFFERENCE,,
gap_60_performance.csv,gap_60,source_trained__corrected_strict__harmonized_last_values,auprc,0.2543179379515626,0.2530778288752046,-0.0012401090763580203,1e-10,DIFFERENCE,,
gap_60_performance.csv,gap_60,source_trained__corrected_strict__harmonized_last_values,brier,0.216694017398643,0.2170263574008647,0.00033234000222170934,1e-10,DIFFERENCE,,
gap_60_performance.csv,gap_60,source_trained__corrected_strict__harmonized_last_values,calibration_intercept,-1.036420520306721,-1.0370949748518568,-0.0006744545451358164,1e-10,DIFFERENCE,,
gap_60_performance.csv,gap_60,source_trained__corrected_strict__harmonized_last_values,calibration_slope,-0.0024567739453584,-0.0036932293011819,-0.0012364553558235,1e-10,DIFFERENCE,,
gap_60_performance.csv,gap_60,source_trained__corrected_strict__harmonized_last_values,mean_predicted_risk,0.3825737994784794,0.3825957922952598,2.1992816780391777e-05,1e-10,DIFFERENCE,,
gap_60_performance.csv,gap_60,target_native__harmonized_dynamic_vitals,n,1839.0,1839.0,0.0,1e-10,match,,
gap_60_performance.csv,gap_60,target_native__harmonized_dynamic_vitals,hospitals,37.0,37.0,0.0,1e-10,match,,
gap_60_performance.csv,gap_60,target_native__harmonized_dynamic_vitals,events,482.0,482.0,0.0,1e-10,match,,
gap_60_performance.csv,gap_60,target_native__harmonized_dynamic_vitals,prevalence,0.2620989668297988,0.2620989668297988,0.0,1e-10,match,,
gap_60_performance.csv,gap_60,target_native__harmonized_dynamic_vitals,auroc,0.5910630907206218,0.5910890816635427,2.5990942920883775e-05,1e-10,DIFFERENCE,,
gap_60_performance.csv,gap_60,target_native__harmonized_dynamic_vitals,auprc,0.3381087463693356,0.3381246320153508,1.5885646015234567e-05,1e-10,DIFFERENCE,,
gap_60_performance.csv,gap_60,target_native__harmonized_dynamic_vitals,brier,0.1912432201643388,0.1912517514578897,8.531293550884111e-06,1e-10,DIFFERENCE,,
gap_60_performance.csv,gap_60,target_native__harmonized_dynamic_vitals,calibration_intercept,-0.5614599259471891,-0.5609162475481473,0.0005436783990417915,1e-10,DIFFERENCE,,
gap_60_performance.csv,gap_60,target_native__harmonized_dynamic_vitals,calibration_slope,0.4899895161218525,0.4906699652513486,0.0006804491294961079,1e-10,DIFFERENCE,,
gap_60_performance.csv,gap_60,target_native__harmonized_dynamic_vitals,mean_predicted_risk,0.2826221259246665,0.2826595939698685,3.746804520199376e-05,1e-10,DIFFERENCE,,
gap_60_performance.csv,gap_60,target_native__harmonized_last_values,n,1839.0,1839.0,0.0,1e-10,match,,
gap_60_performance.csv,gap_60,target_native__harmonized_last_values,hospitals,37.0,37.0,0.0,1e-10,match,,
gap_60_performance.csv,gap_60,target_native__harmonized_last_values,events,482.0,482.0,0.0,1e-10,match,,
gap_60_performance.csv,gap_60,target_native__harmonized_last_values,prevalence,0.2620989668297988,0.2620989668297988,0.0,1e-10,match,,
gap_60_performance.csv,gap_60,target_native__harmonized_last_values,auroc,0.5884945740084455,0.5884945740084455,0.0,1e-10,match,,
gap_60_performance.csv,gap_60,target_native__harmonized_last_values,auprc,0.334874995269603,0.334874995269603,0.0,1e-10,match,,
gap_60_performance.csv,gap_60,target_native__harmonized_last_values,brier,0.1911084151808158,0.1911084151808158,0.0,1e-10,match,,
gap_60_performance.csv,gap_60,target_native__harmonized_last_values,calibration_intercept,-0.5189297460178957,-0.5189297460178957,0.0,1e-10,match,,
gap_60_performance.csv,gap_60,target_native__harmonized_last_values,calibration_slope,0.5604432505604341,0.5604432505604341,0.0,1e-10,match,,
gap_60_performance.csv,gap_60,target_native__harmonized_last_values,mean_predicted_risk,0.2880300883867616,0.2880300883867616,0.0,1e-10,match,,
gap_60_performance.csv,gap_60,target_native_refit,n,1839.0,1839.0,0.0,1e-10,match,,
gap_60_performance.csv,gap_60,target_native_refit,hospitals,37.0,37.0,0.0,1e-10,match,,
gap_60_performance.csv,gap_60,target_native_refit,events,482.0,482.0,0.0,1e-10,match,,
gap_60_performance.csv,gap_60,target_native_refit,prevalence,0.2620989668297988,0.2620989668297988,0.0,1e-10,match,,
gap_60_performance.csv,gap_60,target_native_refit,auroc,0.5858480844675068,0.5858343245565487,-1.3759910958088817e-05,1e-10,DIFFERENCE,,
gap_60_performance.csv,gap_60,target_native_refit,auprc,0.3233167872804071,0.3234626502302627,0.0001458629498556352,1e-10,DIFFERENCE,,
gap_60_performance.csv,gap_60,target_native_refit,brier,0.1919813189878361,0.1919687574220573,-1.256156577880696e-05,1e-10,DIFFERENCE,,
gap_60_performance.csv,gap_60,target_native_refit,calibration_intercept,-0.5680379333771564,-0.5736361336250145,-0.005598200247858176,1e-10,DIFFERENCE,,
gap_60_performance.csv,gap_60,target_native_refit,calibration_slope,0.4387350158613964,0.4332265475802201,-0.005508468281176293,1e-10,DIFFERENCE,,
gap_60_performance.csv,gap_60,target_native_refit,mean_predicted_risk,0.2652095579812866,0.2651911305007705,-1.8427480516114425e-05,1e-10,DIFFERENCE,,
gap_60_hospital_CI.csv,gap_60,corrected_primary_source_intercept_recalibrated,estimate,0.255838494213136,0.2562839557406866,0.00044546152755059465,1e-08,DIFFERENCE,auprc,
gap_60_hospital_CI.csv,gap_60,corrected_primary_source_intercept_recalibrated,ci_low,0.2046601307805881,0.2050376920900186,0.0003775613094305075,1e-08,DIFFERENCE,auprc,
gap_60_hospital_CI.csv,gap_60,corrected_primary_source_intercept_recalibrated,ci_high,0.2967449767030784,0.2973504776015645,0.0006055008984860999,1e-08,DIFFERENCE,auprc,
gap_60_hospital_CI.csv,gap_60,corrected_primary_source_intercept_recalibrated,valid_replicates,1000.0,1000.0,0.0,1e-08,match,auprc,
gap_60_hospital_CI.csv,gap_60,corrected_primary_source_intercept_recalibrated,attempted_replicates,1000.0,1000.0,0.0,1e-08,match,auprc,
gap_60_hospital_CI.csv,gap_60,corrected_primary_source_intercept_recalibrated,estimate,0.5065573620110263,0.507032843378578,0.0004754813675517111,1e-08,DIFFERENCE,auroc,
gap_60_hospital_CI.csv,gap_60,corrected_primary_source_intercept_recalibrated,ci_low,0.4683869836278344,0.4690494514447112,0.0006624678168768439,1e-08,DIFFERENCE,auroc,
gap_60_hospital_CI.csv,gap_60,corrected_primary_source_intercept_recalibrated,ci_high,0.5364318323146136,0.5369445563704778,0.0005127240558642221,1e-08,DIFFERENCE,auroc,
gap_60_hospital_CI.csv,gap_60,corrected_primary_source_intercept_recalibrated,valid_replicates,1000.0,1000.0,0.0,1e-08,match,auroc,
gap_60_hospital_CI.csv,gap_60,corrected_primary_source_intercept_recalibrated,attempted_replicates,1000.0,1000.0,0.0,1e-08,match,auroc,
gap_60_hospital_CI.csv,gap_60,corrected_primary_source_intercept_recalibrated,estimate,0.3359400492144853,0.3357391976671378,-0.00020085154734750255,1e-08,DIFFERENCE,brier,
gap_60_hospital_CI.csv,gap_60,corrected_primary_source_intercept_recalibrated,ci_low,0.2883734296533687,0.2877717303664614,-0.0006016992869072868,1e-08,DIFFERENCE,brier,
gap_60_hospital_CI.csv,gap_60,corrected_primary_source_intercept_recalibrated,ci_high,0.3646520622726785,0.3649190699009131,0.00026700762823461677,1e-08,DIFFERENCE,brier,
gap_60_hospital_CI.csv,gap_60,corrected_primary_source_intercept_recalibrated,valid_replicates,1000.0,1000.0,0.0,1e-08,match,brier,
gap_60_hospital_CI.csv,gap_60,corrected_primary_source_intercept_recalibrated,attempted_replicates,1000.0,1000.0,0.0,1e-08,match,brier,
gap_60_hospital_CI.csv,gap_60,corrected_primary_source_intercept_recalibrated,estimate,-1.0057909428784322,-1.00604341048348,-0.0002524676050477126,1e-08,DIFFERENCE,calibration_intercept,
gap_60_hospital_CI.csv,gap_60,corrected_primary_source_intercept_recalibrated,ci_low,-1.289105667633577,-1.2881378591593795,0.000967808474197529,1e-08,DIFFERENCE,calibration_intercept,
gap_60_hospital_CI.csv,gap_60,corrected_primary_source_intercept_recalibrated,ci_high,-0.8289726230348865,-0.8290551190335009,-8.249599861442913e-05,1e-08,DIFFERENCE,calibration_intercept,
gap_60_hospital_CI.csv,gap_60,corrected_primary_source_intercept_recalibrated,valid_replicates,1000.0,1000.0,0.0,1e-08,match,calibration_intercept,
gap_60_hospital_CI.csv,gap_60,corrected_primary_source_intercept_recalibrated,attempted_replicates,1000.0,1000.0,0.0,1e-08,match,calibration_intercept,
gap_60_hospital_CI.csv,gap_60,corrected_primary_source_intercept_recalibrated,estimate,0.0384182062902625,0.0389031153268599,0.0004849090365974043,1e-08,DIFFERENCE,calibration_slope,
gap_60_hospital_CI.csv,gap_60,corrected_primary_source_intercept_recalibrated,ci_low,-0.0197565777538564,-0.0196932958294372,6.328192441919928e-05,1e-08,DIFFERENCE,calibration_slope,
gap_60_hospital_CI.csv,gap_60,corrected_primary_source_intercept_recalibrated,ci_high,0.0846809708992395,0.0852667895167309,0.0005858186174914071,1e-08,DIFFERENCE,calibration_slope,
gap_60_hospital_CI.csv,gap_60,corrected_primary_source_intercept_recalibrated,valid_replicates,1000.0,1000.0,0.0,1e-08,match,calibration_slope,
gap_60_hospital_CI.csv,gap_60,corrected_primary_source_intercept_recalibrated,attempted_replicates,1000.0,1000.0,0.0,1e-08,match,calibration_slope,
gap_60_hospital_CI.csv,gap_60,corrected_primary_source_intercept_recalibrated,estimate,0.4872346661612839,0.4870590875895608,-0.00017557857172312286,1e-08,DIFFERENCE,mean_predicted_risk,
gap_60_hospital_CI.csv,gap_60,corrected_primary_source_intercept_recalibrated,ci_low,0.3235690308950816,0.323234606946691,-0.0003344239483906164,1e-08,DIFFERENCE,mean_predicted_risk,
gap_60_hospital_CI.csv,gap_60,corrected_primary_source_intercept_recalibrated,ci_high,0.5852053425018179,0.585284119332707,7.877683088908238e-05,1e-08,DIFFERENCE,mean_predicted_risk,
gap_60_hospital_CI.csv,gap_60,corrected_primary_source_intercept_recalibrated,valid_replicates,1000.0,1000.0,0.0,1e-08,match,mean_predicted_risk,
gap_60_hospital_CI.csv,gap_60,corrected_primary_source_intercept_recalibrated,attempted_replicates,1000.0,1000.0,0.0,1e-08,match,mean_predicted_risk,
gap_60_hospital_CI.csv,gap_60,corrected_primary_source_logistic_recalibrated,estimate,0.2533629550913233,0.2531685973496165,-0.00019435774170678544,1e-08,DIFFERENCE,auprc,
gap_60_hospital_CI.csv,gap_60,corrected_primary_source_logistic_recalibrated,ci_low,0.2117567542164565,0.2117508463975558,-5.907818900724449e-06,1e-08,DIFFERENCE,auprc,
gap_60_hospital_CI.csv,gap_60,corrected_primary_source_logistic_recalibrated,ci_high,0.3002108640934495,0.2994838640717158,-0.0007270000217337036,1e-08,DIFFERENCE,auprc,
gap_60_hospital_CI.csv,gap_60,corrected_primary_source_logistic_recalibrated,valid_replicates,1000.0,1000.0,0.0,1e-08,match,auprc,
gap_60_hospital_CI.csv,gap_60,corrected_primary_source_logistic_recalibrated,attempted_replicates,1000.0,1000.0,0.0,1e-08,match,auprc,
gap_60_hospital_CI.csv,gap_60,corrected_primary_source_logistic_recalibrated,estimate,0.4934426379889737,0.4929671566214221,-0.0004754813675516001,1e-08,DIFFERENCE,auroc,
gap_60_hospital_CI.csv,gap_60,corrected_primary_source_logistic_recalibrated,ci_low,0.4635681676853866,0.4630554436295223,-0.0005127240558643331,1e-08,DIFFERENCE,auroc,
gap_60_hospital_CI.csv,gap_60,corrected_primary_source_logistic_recalibrated,ci_high,0.5316130163721656,0.5309505485552888,-0.0006624678168768439,1e-08,DIFFERENCE,auroc,
gap_60_hospital_CI.csv,gap_60,corrected_primary_source_logistic_recalibrated,valid_replicates,1000.0,1000.0,0.0,1e-08,match,auroc,
gap_60_hospital_CI.csv,gap_60,corrected_primary_source_logistic_recalibrated,attempted_replicates,1000.0,1000.0,0.0,1e-08,match,auroc,
gap_60_hospital_CI.csv,gap_60,corrected_primary_source_logistic_recalibrated,estimate,0.1941879999228895,0.1941893344772544,1.3345543649068148e-06,1e-08,DIFFERENCE,brier,
gap_60_hospital_CI.csv,gap_60,corrected_primary_source_logistic_recalibrated,ci_low,0.1731941342800399,0.1731877728010754,-6.36147896451722e-06,1e-08,DIFFERENCE,brier,
gap_60_hospital_CI.csv,gap_60,corrected_primary_source_logistic_recalibrated,ci_high,0.2100832951668415,0.2100859796856015,2.6845187600099685e-06,1e-08,DIFFERENCE,brier,
gap_60_hospital_CI.csv,gap_60,corrected_primary_source_logistic_recalibrated,valid_replicates,1000.0,1000.0,0.0,1e-08,match,brier,
gap_60_hospital_CI.csv,gap_60,corrected_primary_source_logistic_recalibrated,attempted_replicates,1000.0,1000.0,0.0,1e-08,match,brier,
gap_60_hospital_CI.csv,gap_60,corrected_primary_source_logistic_recalibrated,estimate,-23.429196634805912,-20.971487277148466,2.4577093576574462,1e-08,DIFFERENCE,calibration_intercept,
gap_60_hospital_CI.csv,gap_60,corrected_primary_source_logistic_recalibrated,ci_low,-49.80155754565464,-44.22057416351594,5.580983382138697,1e-08,DIFFERENCE,calibration_intercept,
gap_60_hospital_CI.csv,gap_60,corrected_primary_source_logistic_recalibrated,ci_high,8.657616499485819,7.475331736009408,-1.182284763476411,1e-08,DIFFERENCE,calibration_intercept,
gap_60_hospital_CI.csv,gap_60,corrected_primary_source_logistic_recalibrated,valid_replicates,1000.0,1000.0,0.0,1e-08,match,calibration_intercept,
gap_60_hospital_CI.csv,gap_60,corrected_primary_source_logistic_recalibrated,attempted_replicates,1000.0,1000.0,0.0,1e-08,match,calibration_intercept,
gap_60_hospital_CI.csv,gap_60,corrected_primary_source_logistic_recalibrated,estimate,-24.9315477384429,-22.18693259673164,2.744615141711261,1e-08,DIFFERENCE,calibration_slope,
gap_60_hospital_CI.csv,gap_60,corrected_primary_source_logistic_recalibrated,ci_low,-54.30018479319708,-48.03232131619199,6.267863477005093,1e-08,DIFFERENCE,calibration_slope,
gap_60_hospital_CI.csv,gap_60,corrected_primary_source_logistic_recalibrated,ci_high,10.965363928895703,9.605054953090615,-1.3603089758050881,1e-08,DIFFERENCE,calibration_slope,
gap_60_hospital_CI.csv,gap_60,corrected_primary_source_logistic_recalibrated,valid_replicates,1000.0,1000.0,0.0,1e-08,match,calibration_slope,
gap_60_hospital_CI.csv,gap_60,corrected_primary_source_logistic_recalibrated,attempted_replicates,1000.0,1000.0,0.0,1e-08,match,calibration_slope,
gap_60_hospital_CI.csv,gap_60,corrected_primary_source_logistic_recalibrated,estimate,0.2894401169623004,0.289373269971821,-6.684699047937448e-05,1e-08,DIFFERENCE,mean_predicted_risk,
gap_60_hospital_CI.csv,gap_60,corrected_primary_source_logistic_recalibrated,ci_low,0.2891670722636165,0.2890655103399696,-0.00010156192364690897,1e-08,DIFFERENCE,mean_predicted_risk,
gap_60_hospital_CI.csv,gap_60,corrected_primary_source_logistic_recalibrated,ci_high,0.2899006000189312,0.2898916466408848,-8.953378046405724e-06,1e-08,DIFFERENCE,mean_predicted_risk,
gap_60_hospital_CI.csv,gap_60,corrected_primary_source_logistic_recalibrated,valid_replicates,1000.0,1000.0,0.0,1e-08,match,mean_predicted_risk,
gap_60_hospital_CI.csv,gap_60,corrected_primary_source_logistic_recalibrated,attempted_replicates,1000.0,1000.0,0.0,1e-08,match,mean_predicted_risk,
gap_60_hospital_CI.csv,gap_60,corrected_primary_source_raw,estimate,0.255838494213136,0.2562839557406866,0.00044546152755059465,1e-08,DIFFERENCE,auprc,
gap_60_hospital_CI.csv,gap_60,corrected_primary_source_raw,ci_low,0.2046601307805881,0.2050376920900186,0.0003775613094305075,1e-08,DIFFERENCE,auprc,
gap_60_hospital_CI.csv,gap_60,corrected_primary_source_raw,ci_high,0.2967449767030784,0.2973504776015644,0.0006055008984859889,1e-08,DIFFERENCE,auprc,
gap_60_hospital_CI.csv,gap_60,corrected_primary_source_raw,valid_replicates,1000.0,1000.0,0.0,1e-08,match,auprc,
gap_60_hospital_CI.csv,gap_60,corrected_primary_source_raw,attempted_replicates,1000.0,1000.0,0.0,1e-08,match,auprc,
gap_60_hospital_CI.csv,gap_60,corrected_primary_source_raw,estimate,0.5065573620110263,0.507032843378578,0.0004754813675517111,1e-08,DIFFERENCE,auroc,
gap_60_hospital_CI.csv,gap_60,corrected_primary_source_raw,ci_low,0.4683869836278344,0.4690494514447112,0.0006624678168768439,1e-08,DIFFERENCE,auroc,
gap_60_hospital_CI.csv,gap_60,corrected_primary_source_raw,ci_high,0.5364318323146136,0.5369445563704778,0.0005127240558642221,1e-08,DIFFERENCE,auroc,
gap_60_hospital_CI.csv,gap_60,corrected_primary_source_raw,valid_replicates,1000.0,1000.0,0.0,1e-08,match,auroc,
gap_60_hospital_CI.csv,gap_60,corrected_primary_source_raw,attempted_replicates,1000.0,1000.0,0.0,1e-08,match,auroc,
gap_60_hospital_CI.csv,gap_60,corrected_primary_source_raw,estimate,0.5799604902415343,0.5790210451635995,-0.000939445077934753,1e-08,DIFFERENCE,brier,
gap_60_hospital_CI.csv,gap_60,corrected_primary_source_raw,ci_low,0.4824073124124364,0.4816979287581038,-0.000709383654332596,1e-08,DIFFERENCE,brier,
gap_60_hospital_CI.csv,gap_60,corrected_primary_source_raw,ci_high,0.6406823837829319,0.6395645649218739,-0.0011178188610579953,1e-08,DIFFERENCE,brier,
gap_60_hospital_CI.csv,gap_60,corrected_primary_source_raw,valid_replicates,1000.0,1000.0,0.0,1e-08,match,brier,
gap_60_hospital_CI.csv,gap_60,corrected_primary_source_raw,attempted_replicates,1000.0,1000.0,0.0,1e-08,match,brier,
gap_60_hospital_CI.csv,gap_60,corrected_primary_source_raw,estimate,-1.1741932923503504,-1.173478110600032,0.0007151817503183722,1e-08,DIFFERENCE,calibration_intercept,
gap_60_hospital_CI.csv,gap_60,corrected_primary_source_raw,ci_low,-1.4130284566400484,-1.411639654105104,0.0013888025349444444,1e-08,DIFFERENCE,calibration_intercept,
gap_60_hospital_CI.csv,gap_60,corrected_primary_source_raw,ci_high,-0.9275448484151884,-0.9278027243532082,-0.000257875938019847,1e-08,DIFFERENCE,calibration_intercept,
gap_60_hospital_CI.csv,gap_60,corrected_primary_source_raw,valid_replicates,1000.0,1000.0,0.0,1e-08,match,calibration_intercept,
gap_60_hospital_CI.csv,gap_60,corrected_primary_source_raw,attempted_replicates,1000.0,1000.0,0.0,1e-08,match,calibration_intercept,
gap_60_hospital_CI.csv,gap_60,corrected_primary_source_raw,estimate,0.0387502680385323,0.0392278927669649,0.00047762472843260184,1e-08,DIFFERENCE,calibration_slope,
gap_60_hospital_CI.csv,gap_60,corrected_primary_source_raw,ci_low,-0.0170443787513244,-0.0169833163838731,6.106236745130264e-05,1e-08,DIFFERENCE,calibration_slope,
gap_60_hospital_CI.csv,gap_60,corrected_primary_source_raw,ci_high,0.0844028475583915,0.0849286586030101,0.0005258110446186015,1e-08,DIFFERENCE,calibration_slope,
gap_60_hospital_CI.csv,gap_60,corrected_primary_source_raw,valid_replicates,1000.0,1000.0,0.0,1e-08,match,calibration_slope,
gap_60_hospital_CI.csv,gap_60,corrected_primary_source_raw,attempted_replicates,1000.0,1000.0,0.0,1e-08,match,calibration_slope,
gap_60_hospital_CI.csv,gap_60,corrected_primary_source_raw,estimate,0.8198618551059125,0.8188630617759927,-0.0009987933299198115,1e-08,DIFFERENCE,mean_predicted_risk,
gap_60_hospital_CI.csv,gap_60,corrected_primary_source_raw,ci_low,0.66693653369196,0.6659024558980923,-0.0010340777938677714,1e-08,DIFFERENCE,mean_predicted_risk,
gap_60_hospital_CI.csv,gap_60,corrected_primary_source_raw,ci_high,0.9081138068724812,0.9071455967443746,-0.0009682101281066613,1e-08,DIFFERENCE,mean_predicted_risk,
gap_60_hospital_CI.csv,gap_60,corrected_primary_source_raw,valid_replicates,1000.0,1000.0,0.0,1e-08,match,mean_predicted_risk,
gap_60_hospital_CI.csv,gap_60,corrected_primary_source_raw,attempted_replicates,1000.0,1000.0,0.0,1e-08,match,mean_predicted_risk,
gap_60_hospital_CI.csv,gap_60,corrected_strict_source_intercept_recalibrated,estimate,0.2559781282914914,0.255746781195086,-0.00023134709640543205,1e-08,DIFFERENCE,auprc,
gap_60_hospital_CI.csv,gap_60,corrected_strict_source_intercept_recalibrated,ci_low,0.2046517565915334,0.2055240264334467,0.0008722698419132979,1e-08,DIFFERENCE,auprc,
gap_60_hospital_CI.csv,gap_60,corrected_strict_source_intercept_recalibrated,ci_high,0.2966378626317364,0.29672336283722,8.550020548359072e-05,1e-08,DIFFERENCE,auprc,
gap_60_hospital_CI.csv,gap_60,corrected_strict_source_intercept_recalibrated,valid_replicates,1000.0,1000.0,0.0,1e-08,match,auprc,
gap_60_hospital_CI.csv,gap_60,corrected_strict_source_intercept_recalibrated,attempted_replicates,1000.0,1000.0,0.0,1e-08,match,auprc,
gap_60_hospital_CI.csv,gap_60,corrected_strict_source_intercept_recalibrated,estimate,0.5072652329858701,0.5072835795338142,1.8346547944081415e-05,1e-08,DIFFERENCE,auroc,
gap_60_hospital_CI.csv,gap_60,corrected_strict_source_intercept_recalibrated,ci_low,0.4690582311087346,0.4692742204267557,0.00021598931802108146,1e-08,DIFFERENCE,auroc,
gap_60_hospital_CI.csv,gap_60,corrected_strict_source_intercept_recalibrated,ci_high,0.5370816418655673,0.5376990293040098,0.0006173874384425293,1e-08,DIFFERENCE,auroc,
gap_60_hospital_CI.csv,gap_60,corrected_strict_source_intercept_recalibrated,valid_replicates,1000.0,1000.0,0.0,1e-08,match,auroc,
gap_60_hospital_CI.csv,gap_60,corrected_strict_source_intercept_recalibrated,attempted_replicates,1000.0,1000.0,0.0,1e-08,match,auroc,
gap_60_hospital_CI.csv,gap_60,corrected_strict_source_intercept_recalibrated,estimate,0.3344192259259985,0.3351178784085597,0.000698652482561235,1e-08,DIFFERENCE,brier,
gap_60_hospital_CI.csv,gap_60,corrected_strict_source_intercept_recalibrated,ci_low,0.2877874339795034,0.2877890929726141,1.6589931107202638e-06,1e-08,DIFFERENCE,brier,
gap_60_hospital_CI.csv,gap_60,corrected_strict_source_intercept_recalibrated,ci_high,0.3620936891808207,0.3634713653199007,0.0013776761390800196,1e-08,DIFFERENCE,brier,
gap_60_hospital_CI.csv,gap_60,corrected_strict_source_intercept_recalibrated,valid_replicates,1000.0,1000.0,0.0,1e-08,match,brier,
gap_60_hospital_CI.csv,gap_60,corrected_strict_source_intercept_recalibrated,attempted_replicates,1000.0,1000.0,0.0,1e-08,match,brier,
gap_60_hospital_CI.csv,gap_60,corrected_strict_source_intercept_recalibrated,estimate,-1.0051856807081052,-1.0053424102583255,-0.00015672955022028034,1e-08,DIFFERENCE,calibration_intercept,
gap_60_hospital_CI.csv,gap_60,corrected_strict_source_intercept_recalibrated,ci_low,-1.288065667575051,-1.2875721857626818,0.0004934818123691898,1e-08,DIFFERENCE,calibration_intercept,
gap_60_hospital_CI.csv,gap_60,corrected_strict_source_intercept_recalibrated,ci_high,-0.8285518635049238,-0.8287871903767663,-0.00023532687184246726,1e-08,DIFFERENCE,calibration_intercept,
gap_60_hospital_CI.csv,gap_60,corrected_strict_source_intercept_recalibrated,valid_replicates,999.0,1000.0,1.0,1e-08,DIFFERENCE,calibration_intercept,
gap_60_hospital_CI.csv,gap_60,corrected_strict_source_intercept_recalibrated,attempted_replicates,1000.0,1000.0,0.0,1e-08,match,calibration_intercept,
gap_60_hospital_CI.csv,gap_60,corrected_strict_source_intercept_recalibrated,estimate,0.0394412625938382,0.0392169769141048,-0.0002242856797333992,1e-08,DIFFERENCE,calibration_slope,
gap_60_hospital_CI.csv,gap_60,corrected_strict_source_intercept_recalibrated,ci_low,-0.0193209882286481,-0.0192062053186076,0.00011478291004050206,1e-08,DIFFERENCE,calibration_slope,
gap_60_hospital_CI.csv,gap_60,corrected_strict_source_intercept_recalibrated,ci_high,0.0859111671641693,0.0855681795870945,-0.00034298757707479366,1e-08,DIFFERENCE,calibration_slope,
gap_60_hospital_CI.csv,gap_60,corrected_strict_source_intercept_recalibrated,valid_replicates,999.0,1000.0,1.0,1e-08,DIFFERENCE,calibration_slope,
gap_60_hospital_CI.csv,gap_60,corrected_strict_source_intercept_recalibrated,attempted_replicates,1000.0,1000.0,0.0,1e-08,match,calibration_slope,
gap_60_hospital_CI.csv,gap_60,corrected_strict_source_intercept_recalibrated,estimate,0.4867519689395232,0.4872333847305679,0.00048141579104465926,1e-08,DIFFERENCE,mean_predicted_risk,
gap_60_hospital_CI.csv,gap_60,corrected_strict_source_intercept_recalibrated,ci_low,0.3235059143730958,0.3233960021597751,-0.00010991221332068424,1e-08,DIFFERENCE,mean_predicted_risk,
gap_60_hospital_CI.csv,gap_60,corrected_strict_source_intercept_recalibrated,ci_high,0.5837692310217097,0.5848310235608347,0.0010617925391249727,1e-08,DIFFERENCE,mean_predicted_risk,
gap_60_hospital_CI.csv,gap_60,corrected_strict_source_intercept_recalibrated,valid_replicates,1000.0,1000.0,0.0,1e-08,match,mean_predicted_risk,
gap_60_hospital_CI.csv,gap_60,corrected_strict_source_intercept_recalibrated,attempted_replicates,1000.0,1000.0,0.0,1e-08,match,mean_predicted_risk,
gap_60_hospital_CI.csv,gap_60,corrected_strict_source_logistic_recalibrated,estimate,0.2531733843503048,0.253309057069231,0.00013567271892622745,1e-08,DIFFERENCE,auprc,
gap_60_hospital_CI.csv,gap_60,corrected_strict_source_logistic_recalibrated,ci_low,0.211428017939953,0.2116931290205101,0.0002651110805571011,1e-08,DIFFERENCE,auprc,
gap_60_hospital_CI.csv,gap_60,corrected_strict_source_logistic_recalibrated,ci_high,0.2998651176315482,0.3005806719653689,0.0007155543338207004,1e-08,DIFFERENCE,auprc,
gap_60_hospital_CI.csv,gap_60,corrected_strict_source_logistic_recalibrated,valid_replicates,1000.0,1000.0,0.0,1e-08,match,auprc,
gap_60_hospital_CI.csv,gap_60,corrected_strict_source_logistic_recalibrated,attempted_replicates,1000.0,1000.0,0.0,1e-08,match,auprc,
gap_60_hospital_CI.csv,gap_60,corrected_strict_source_logistic_recalibrated,estimate,0.4927347670141299,0.4927164204661857,-1.8346547944192437e-05,1e-08,DIFFERENCE,auroc,
gap_60_hospital_CI.csv,gap_60,corrected_strict_source_logistic_recalibrated,ci_low,0.4629183581344327,0.4623009706959902,-0.0006173874384425293,1e-08,DIFFERENCE,auroc,
gap_60_hospital_CI.csv,gap_60,corrected_strict_source_logistic_recalibrated,ci_high,0.5309417688912653,0.5307257795732443,-0.00021598931802102594,1e-08,DIFFERENCE,auroc,
gap_60_hospital_CI.csv,gap_60,corrected_strict_source_logistic_recalibrated,valid_replicates,1000.0,1000.0,0.0,1e-08,match,auroc,
gap_60_hospital_CI.csv,gap_60,corrected_strict_source_logistic_recalibrated,attempted_replicates,1000.0,1000.0,0.0,1e-08,match,auroc,
gap_60_hospital_CI.csv,gap_60,corrected_strict_source_logistic_recalibrated,estimate,0.1941864842370402,0.1941867879287069,3.036916666754319e-07,1e-08,DIFFERENCE,brier,
gap_60_hospital_CI.csv,gap_60,corrected_strict_source_logistic_recalibrated,ci_low,0.1732149058167749,0.173210620814085,-4.285002689896622e-06,1e-08,DIFFERENCE,brier,
gap_60_hospital_CI.csv,gap_60,corrected_strict_source_logistic_recalibrated,ci_high,0.2100764812189447,0.2100778439809709,1.3627620261968953e-06,1e-08,DIFFERENCE,brier,
gap_60_hospital_CI.csv,gap_60,corrected_strict_source_logistic_recalibrated,valid_replicates,1000.0,1000.0,0.0,1e-08,match,brier,
gap_60_hospital_CI.csv,gap_60,corrected_strict_source_logistic_recalibrated,attempted_replicates,1000.0,1000.0,0.0,1e-08,match,brier,
gap_60_hospital_CI.csv,gap_60,corrected_strict_source_logistic_recalibrated,estimate,-35.52778434044836,-32.17751460773461,3.3502697327137554,1e-08,DIFFERENCE,calibration_intercept,
gap_60_hospital_CI.csv,gap_60,corrected_strict_source_logistic_recalibrated,ci_low,-75.41406805501848,-68.18241160690741,7.2316564481110674,1e-08,DIFFERENCE,calibration_intercept,
gap_60_hospital_CI.csv,gap_60,corrected_strict_source_logistic_recalibrated,ci_high,13.212934624287453,11.802766353939026,-1.4101682703484268,1e-08,DIFFERENCE,calibration_intercept,
gap_60_hospital_CI.csv,gap_60,corrected_strict_source_logistic_recalibrated,valid_replicates,1000.0,1000.0,0.0,1e-08,match,calibration_intercept,
gap_60_hospital_CI.csv,gap_60,corrected_strict_source_logistic_recalibrated,attempted_replicates,1000.0,1000.0,0.0,1e-08,match,calibration_intercept,
gap_60_hospital_CI.csv,gap_60,corrected_strict_source_logistic_recalibrated,estimate,-38.444311934272015,-34.701877316106994,3.7424346181650208,1e-08,DIFFERENCE,calibration_slope,
gap_60_hospital_CI.csv,gap_60,corrected_strict_source_logistic_recalibrated,ci_low,-82.81618823600579,-74.73858000272793,8.077608233277857,1e-08,DIFFERENCE,calibration_slope,
gap_60_hospital_CI.csv,gap_60,corrected_strict_source_logistic_recalibrated,ci_high,16.061513583225967,14.490157911857075,-1.5713556713688916,1e-08,DIFFERENCE,calibration_slope,
gap_60_hospital_CI.csv,gap_60,corrected_strict_source_logistic_recalibrated,valid_replicates,1000.0,1000.0,0.0,1e-08,match,calibration_slope,
gap_60_hospital_CI.csv,gap_60,corrected_strict_source_logistic_recalibrated,attempted_replicates,1000.0,1000.0,0.0,1e-08,match,calibration_slope,
gap_60_hospital_CI.csv,gap_60,corrected_strict_source_logistic_recalibrated,estimate,0.2896400327357785,0.289597383654489,-4.264908128948086e-05,1e-08,DIFFERENCE,mean_predicted_risk,
gap_60_hospital_CI.csv,gap_60,corrected_strict_source_logistic_recalibrated,ci_low,0.2894605495099654,0.2893983978349622,-6.215167500323027e-05,1e-08,DIFFERENCE,mean_predicted_risk,
gap_60_hospital_CI.csv,gap_60,corrected_strict_source_logistic_recalibrated,ci_high,0.2899439392655951,0.2899338448935277,-1.0094372067392943e-05,1e-08,DIFFERENCE,mean_predicted_risk,
gap_60_hospital_CI.csv,gap_60,corrected_strict_source_logistic_recalibrated,valid_replicates,1000.0,1000.0,0.0,1e-08,match,mean_predicted_risk,
gap_60_hospital_CI.csv,gap_60,corrected_strict_source_logistic_recalibrated,attempted_replicates,1000.0,1000.0,0.0,1e-08,match,mean_predicted_risk,
gap_60_hospital_CI.csv,gap_60,corrected_strict_source_raw,estimate,0.2559781282914914,0.255746781195086,-0.00023134709640543205,1e-08,DIFFERENCE,auprc,
gap_60_hospital_CI.csv,gap_60,corrected_strict_source_raw,ci_low,0.2046517565915334,0.2055240264334467,0.0008722698419132979,1e-08,DIFFERENCE,auprc,
gap_60_hospital_CI.csv,gap_60,corrected_strict_source_raw,ci_high,0.2966378626317364,0.29672336283722,8.550020548359072e-05,1e-08,DIFFERENCE,auprc,
gap_60_hospital_CI.csv,gap_60,corrected_strict_source_raw,valid_replicates,1000.0,1000.0,0.0,1e-08,match,auprc,
gap_60_hospital_CI.csv,gap_60,corrected_strict_source_raw,attempted_replicates,1000.0,1000.0,0.0,1e-08,match,auprc,
gap_60_hospital_CI.csv,gap_60,corrected_strict_source_raw,estimate,0.5072652329858701,0.5072835795338142,1.8346547944081415e-05,1e-08,DIFFERENCE,auroc,
gap_60_hospital_CI.csv,gap_60,corrected_strict_source_raw,ci_low,0.4690582311087346,0.4692742204267557,0.00021598931802108146,1e-08,DIFFERENCE,auroc,
gap_60_hospital_CI.csv,gap_60,corrected_strict_source_raw,ci_high,0.5370816418655673,0.5376990293040098,0.0006173874384425293,1e-08,DIFFERENCE,auroc,
gap_60_hospital_CI.csv,gap_60,corrected_strict_source_raw,valid_replicates,1000.0,1000.0,0.0,1e-08,match,auroc,
gap_60_hospital_CI.csv,gap_60,corrected_strict_source_raw,attempted_replicates,1000.0,1000.0,0.0,1e-08,match,auroc,
gap_60_hospital_CI.csv,gap_60,corrected_strict_source_raw,estimate,0.5800267935036658,0.5802763383368305,0.0002495448331646388,1e-08,DIFFERENCE,brier,
gap_60_hospital_CI.csv,gap_60,corrected_strict_source_raw,ci_low,0.4826523063310005,0.4829059493165501,0.00025364298554964027,1e-08,DIFFERENCE,brier,
gap_60_hospital_CI.csv,gap_60,corrected_strict_source_raw,ci_high,0.6407181146341383,0.6409195766691781,0.00020146203503979,1e-08,DIFFERENCE,brier,
gap_60_hospital_CI.csv,gap_60,corrected_strict_source_raw,valid_replicates,1000.0,1000.0,0.0,1e-08,match,brier,
gap_60_hospital_CI.csv,gap_60,corrected_strict_source_raw,attempted_replicates,1000.0,1000.0,0.0,1e-08,match,brier,
gap_60_hospital_CI.csv,gap_60,corrected_strict_source_raw,estimate,-1.1773271573856945,-1.1771802644268388,0.00014689295885572662,1e-08,DIFFERENCE,calibration_intercept,
gap_60_hospital_CI.csv,gap_60,corrected_strict_source_raw,ci_low,-1.415436383944807,-1.4157194273641038,-0.00028304341929685783,1e-08,DIFFERENCE,calibration_intercept,
gap_60_hospital_CI.csv,gap_60,corrected_strict_source_raw,ci_high,-0.9317128388225148,-0.9311024239508408,0.0006104148716740143,1e-08,DIFFERENCE,calibration_intercept,
gap_60_hospital_CI.csv,gap_60,corrected_strict_source_raw,valid_replicates,1000.0,1000.0,0.0,1e-08,match,calibration_intercept,
gap_60_hospital_CI.csv,gap_60,corrected_strict_source_raw,attempted_replicates,1000.0,1000.0,0.0,1e-08,match,calibration_intercept,
gap_60_hospital_CI.csv,gap_60,corrected_strict_source_raw,estimate,0.0397603391187756,0.0395380892874658,-0.00022224983130979953,1e-08,DIFFERENCE,calibration_slope,
gap_60_hospital_CI.csv,gap_60,corrected_strict_source_raw,ci_low,-0.0166140649490763,-0.0165118071300164,0.0001022578190599012,1e-08,DIFFERENCE,calibration_slope,
gap_60_hospital_CI.csv,gap_60,corrected_strict_source_raw,ci_high,0.0856668395064879,0.0851673061574034,-0.0004995333490845077,1e-08,DIFFERENCE,calibration_slope,
gap_60_hospital_CI.csv,gap_60,corrected_strict_source_raw,valid_replicates,1000.0,1000.0,0.0,1e-08,match,calibration_slope,
gap_60_hospital_CI.csv,gap_60,corrected_strict_source_raw,attempted_replicates,1000.0,1000.0,0.0,1e-08,match,calibration_slope,
gap_60_hospital_CI.csv,gap_60,corrected_strict_source_raw,estimate,0.8208776105855685,0.8210487680431902,0.00017115745762164014,1e-08,DIFFERENCE,mean_predicted_risk,
gap_60_hospital_CI.csv,gap_60,corrected_strict_source_raw,ci_low,0.6689745190865948,0.6693215331452881,0.0003470140586933068,1e-08,DIFFERENCE,mean_predicted_risk,
gap_60_hospital_CI.csv,gap_60,corrected_strict_source_raw,ci_high,0.9086801909771344,0.9087823981733452,0.00010220719621079066,1e-08,DIFFERENCE,mean_predicted_risk,
gap_60_hospital_CI.csv,gap_60,corrected_strict_source_raw,valid_replicates,1000.0,1000.0,0.0,1e-08,match,mean_predicted_risk,
gap_60_hospital_CI.csv,gap_60,corrected_strict_source_raw,attempted_replicates,1000.0,1000.0,0.0,1e-08,match,mean_predicted_risk,
gap_60_hospital_CI.csv,gap_60,source_trained__corrected_primary__harmonized_dynamic_vitals,estimate,0.2841175403608524,0.2828883049466193,-0.0012292354142330875,1e-08,DIFFERENCE,auprc,
gap_60_hospital_CI.csv,gap_60,source_trained__corrected_primary__harmonized_dynamic_vitals,ci_low,0.2206725452247772,0.2190785886419329,-0.001593956582844308,1e-08,DIFFERENCE,auprc,
gap_60_hospital_CI.csv,gap_60,source_trained__corrected_primary__harmonized_dynamic_vitals,ci_high,0.3340844544290527,0.332616249647399,-0.0014682047816537147,1e-08,DIFFERENCE,auprc,
gap_60_hospital_CI.csv,gap_60,source_trained__corrected_primary__harmonized_dynamic_vitals,valid_replicates,1000.0,1000.0,0.0,1e-08,match,auprc,
gap_60_hospital_CI.csv,gap_60,source_trained__corrected_primary__harmonized_dynamic_vitals,attempted_replicates,1000.0,1000.0,0.0,1e-08,match,auprc,
gap_60_hospital_CI.csv,gap_60,source_trained__corrected_primary__harmonized_dynamic_vitals,estimate,0.5260138761057618,0.5241914523433129,-0.0018224237624488993,1e-08,DIFFERENCE,auroc,
gap_60_hospital_CI.csv,gap_60,source_trained__corrected_primary__harmonized_dynamic_vitals,ci_low,0.4919830968454797,0.4894500810084788,-0.002533015837000885,1e-08,DIFFERENCE,auroc,
gap_60_hospital_CI.csv,gap_60,source_trained__corrected_primary__harmonized_dynamic_vitals,ci_high,0.5455737574698976,0.5441214660473057,-0.0014522914225918448,1e-08,DIFFERENCE,auroc,
gap_60_hospital_CI.csv,gap_60,source_trained__corrected_primary__harmonized_dynamic_vitals,valid_replicates,1000.0,1000.0,0.0,1e-08,match,auroc,
gap_60_hospital_CI.csv,gap_60,source_trained__corrected_primary__harmonized_dynamic_vitals,attempted_replicates,1000.0,1000.0,0.0,1e-08,match,auroc,
gap_60_hospital_CI.csv,gap_60,source_trained__corrected_primary__harmonized_dynamic_vitals,estimate,0.2082831995723218,0.2088069275662221,0.000523727993900297,1e-08,DIFFERENCE,brier,
gap_60_hospital_CI.csv,gap_60,source_trained__corrected_primary__harmonized_dynamic_vitals,ci_low,0.1929764703041377,0.193655486480397,0.0006790161762592895,1e-08,DIFFERENCE,brier,
gap_60_hospital_CI.csv,gap_60,source_trained__corrected_primary__harmonized_dynamic_vitals,ci_high,0.2195361986505942,0.2200774164193943,0.0005412177688000896,1e-08,DIFFERENCE,brier,
gap_60_hospital_CI.csv,gap_60,source_trained__corrected_primary__harmonized_dynamic_vitals,valid_replicates,1000.0,1000.0,0.0,1e-08,match,brier,
gap_60_hospital_CI.csv,gap_60,source_trained__corrected_primary__harmonized_dynamic_vitals,attempted_replicates,1000.0,1000.0,0.0,1e-08,match,brier,
gap_60_hospital_CI.csv,gap_60,source_trained__corrected_primary__harmonized_dynamic_vitals,estimate,-0.9528992306131958,-0.9553164657070516,-0.0024172350938558296,1e-08,DIFFERENCE,calibration_intercept,
gap_60_hospital_CI.csv,gap_60,source_trained__corrected_primary__harmonized_dynamic_vitals,ci_low,-1.320888794108154,-1.3237185583360458,-0.002829764227891829,1e-08,DIFFERENCE,calibration_intercept,
gap_60_hospital_CI.csv,gap_60,source_trained__corrected_primary__harmonized_dynamic_vitals,ci_high,-0.7389298790581792,-0.7410452704422096,-0.002115391384030385,1e-08,DIFFERENCE,calibration_intercept,
gap_60_hospital_CI.csv,gap_60,source_trained__corrected_primary__harmonized_dynamic_vitals,valid_replicates,1000.0,1000.0,0.0,1e-08,match,calibration_intercept,
gap_60_hospital_CI.csv,gap_60,source_trained__corrected_primary__harmonized_dynamic_vitals,attempted_replicates,1000.0,1000.0,0.0,1e-08,match,calibration_intercept,
gap_60_hospital_CI.csv,gap_60,source_trained__corrected_primary__harmonized_dynamic_vitals,estimate,0.1212600870470957,0.117726574581215,-0.0035335124658807116,1e-08,DIFFERENCE,calibration_slope,
gap_60_hospital_CI.csv,gap_60,source_trained__corrected_primary__harmonized_dynamic_vitals,ci_low,-0.0711833552892276,-0.0750005800014469,-0.0038172247122192915,1e-08,DIFFERENCE,calibration_slope,
gap_60_hospital_CI.csv,gap_60,source_trained__corrected_primary__harmonized_dynamic_vitals,ci_high,0.2642592682606011,0.2576427334824272,-0.006616534778173866,1e-08,DIFFERENCE,calibration_slope,
gap_60_hospital_CI.csv,gap_60,source_trained__corrected_primary__harmonized_dynamic_vitals,valid_replicates,1000.0,1000.0,0.0,1e-08,match,calibration_slope,
gap_60_hospital_CI.csv,gap_60,source_trained__corrected_primary__harmonized_dynamic_vitals,attempted_replicates,1000.0,1000.0,0.0,1e-08,match,calibration_slope,
gap_60_hospital_CI.csv,gap_60,source_trained__corrected_primary__harmonized_dynamic_vitals,estimate,0.3510378994408206,0.3514798047719438,0.0004419053311232046,1e-08,DIFFERENCE,mean_predicted_risk,
gap_60_hospital_CI.csv,gap_60,source_trained__corrected_primary__harmonized_dynamic_vitals,ci_low,0.3353518631677318,0.335440498305025,8.86351372931804e-05,1e-08,DIFFERENCE,mean_predicted_risk,
gap_60_hospital_CI.csv,gap_60,source_trained__corrected_primary__harmonized_dynamic_vitals,ci_high,0.3618648116746646,0.3627655712408013,0.0009007595661366663,1e-08,DIFFERENCE,mean_predicted_risk,
gap_60_hospital_CI.csv,gap_60,source_trained__corrected_primary__harmonized_dynamic_vitals,valid_replicates,1000.0,1000.0,0.0,1e-08,match,mean_predicted_risk,
gap_60_hospital_CI.csv,gap_60,source_trained__corrected_primary__harmonized_dynamic_vitals,attempted_replicates,1000.0,1000.0,0.0,1e-08,match,mean_predicted_risk,
gap_60_hospital_CI.csv,gap_60,source_trained__corrected_primary__harmonized_last_values,estimate,0.2523748219387027,0.2512835409649595,-0.001091280973743225,1e-08,DIFFERENCE,auprc,
gap_60_hospital_CI.csv,gap_60,source_trained__corrected_primary__harmonized_last_values,ci_low,0.1908352681545093,0.1903334249247103,-0.0005018432297989872,1e-08,DIFFERENCE,auprc,
gap_60_hospital_CI.csv,gap_60,source_trained__corrected_primary__harmonized_last_values,ci_high,0.3031235166230976,0.3016611971456933,-0.001462319477404328,1e-08,DIFFERENCE,auprc,
gap_60_hospital_CI.csv,gap_60,source_trained__corrected_primary__harmonized_last_values,valid_replicates,1000.0,1000.0,0.0,1e-08,match,auprc,
gap_60_hospital_CI.csv,gap_60,source_trained__corrected_primary__harmonized_last_values,attempted_replicates,1000.0,1000.0,0.0,1e-08,match,auprc,
gap_60_hospital_CI.csv,gap_60,source_trained__corrected_primary__harmonized_last_values,estimate,0.491861777107789,0.4905102480759058,-0.0013515290318831807,1e-08,DIFFERENCE,auroc,
gap_60_hospital_CI.csv,gap_60,source_trained__corrected_primary__harmonized_last_values,ci_low,0.4480178623501736,0.4475139338971579,-0.0005039284530157229,1e-08,DIFFERENCE,auroc,
gap_60_hospital_CI.csv,gap_60,source_trained__corrected_primary__harmonized_last_values,ci_high,0.5171000013357411,0.5158371115836189,-0.0012628897521221871,1e-08,DIFFERENCE,auroc,
gap_60_hospital_CI.csv,gap_60,source_trained__corrected_primary__harmonized_last_values,valid_replicates,1000.0,1000.0,0.0,1e-08,match,auroc,
gap_60_hospital_CI.csv,gap_60,source_trained__corrected_primary__harmonized_last_values,attempted_replicates,1000.0,1000.0,0.0,1e-08,match,auroc,
gap_60_hospital_CI.csv,gap_60,source_trained__corrected_primary__harmonized_last_values,estimate,0.2163307400128702,0.2163644780879151,3.3738075044892346e-05,1e-08,DIFFERENCE,brier,
gap_60_hospital_CI.csv,gap_60,source_trained__corrected_primary__harmonized_last_values,ci_low,0.2075575262622666,0.2074151732695961,-0.00014235299267048585,1e-08,DIFFERENCE,brier,
gap_60_hospital_CI.csv,gap_60,source_trained__corrected_primary__harmonized_last_values,ci_high,0.2242350161824262,0.224255008659123,1.9992476696817363e-05,1e-08,DIFFERENCE,brier,
gap_60_hospital_CI.csv,gap_60,source_trained__corrected_primary__harmonized_last_values,valid_replicates,1000.0,1000.0,0.0,1e-08,match,brier,
gap_60_hospital_CI.csv,gap_60,source_trained__corrected_primary__harmonized_last_values,attempted_replicates,1000.0,1000.0,0.0,1e-08,match,brier,
gap_60_hospital_CI.csv,gap_60,source_trained__corrected_primary__harmonized_last_values,estimate,-1.0396819204684855,-1.0410372667596042,-0.0013553462911186642,1e-08,DIFFERENCE,calibration_intercept,
gap_60_hospital_CI.csv,gap_60,source_trained__corrected_primary__harmonized_last_values,ci_low,-1.4013212883545776,-1.4021206918956453,-0.000799403541067667,1e-08,DIFFERENCE,calibration_intercept,
gap_60_hospital_CI.csv,gap_60,source_trained__corrected_primary__harmonized_last_values,ci_high,-0.8172363666086212,-0.8174774521613007,-0.00024108555267954301,1e-08,DIFFERENCE,calibration_intercept,
gap_60_hospital_CI.csv,gap_60,source_trained__corrected_primary__harmonized_last_values,valid_replicates,1000.0,1000.0,0.0,1e-08,match,calibration_intercept,
gap_60_hospital_CI.csv,gap_60,source_trained__corrected_primary__harmonized_last_values,attempted_replicates,1000.0,1000.0,0.0,1e-08,match,calibration_intercept,
gap_60_hospital_CI.csv,gap_60,source_trained__corrected_primary__harmonized_last_values,estimate,-0.0082820122850926,-0.0106198710794074,-0.0023378587943147996,1e-08,DIFFERENCE,calibration_slope,
gap_60_hospital_CI.csv,gap_60,source_trained__corrected_primary__harmonized_last_values,ci_low,-0.2257026645669712,-0.2284596380325882,-0.002756973465617013,1e-08,DIFFERENCE,calibration_slope,
gap_60_hospital_CI.csv,gap_60,source_trained__corrected_primary__harmonized_last_values,ci_high,0.1366993953990931,0.1311954066866866,-0.005503988712406482,1e-08,DIFFERENCE,calibration_slope,
gap_60_hospital_CI.csv,gap_60,source_trained__corrected_primary__harmonized_last_values,valid_replicates,1000.0,1000.0,0.0,1e-08,match,calibration_slope,
gap_60_hospital_CI.csv,gap_60,source_trained__corrected_primary__harmonized_last_values,attempted_replicates,1000.0,1000.0,0.0,1e-08,match,calibration_slope,
gap_60_hospital_CI.csv,gap_60,source_trained__corrected_primary__harmonized_last_values,estimate,0.3800093939942966,0.3791210627290734,-0.0008883312652231967,1e-08,DIFFERENCE,mean_predicted_risk,
gap_60_hospital_CI.csv,gap_60,source_trained__corrected_primary__harmonized_last_values,ci_low,0.3737986190611604,0.3729480942558891,-0.0008505248052713132,1e-08,DIFFERENCE,mean_predicted_risk,
gap_60_hospital_CI.csv,gap_60,source_trained__corrected_primary__harmonized_last_values,ci_high,0.3858213765302113,0.3848186490312978,-0.0010027274989135027,1e-08,DIFFERENCE,mean_predicted_risk,
gap_60_hospital_CI.csv,gap_60,source_trained__corrected_primary__harmonized_last_values,valid_replicates,1000.0,1000.0,0.0,1e-08,match,mean_predicted_risk,
gap_60_hospital_CI.csv,gap_60,source_trained__corrected_primary__harmonized_last_values,attempted_replicates,1000.0,1000.0,0.0,1e-08,match,mean_predicted_risk,
gap_60_hospital_CI.csv,gap_60,source_trained__corrected_strict__harmonized_dynamic_vitals,estimate,0.2846254098778355,0.2829929644443588,-0.0016324454334767369,1e-08,DIFFERENCE,auprc,
gap_60_hospital_CI.csv,gap_60,source_trained__corrected_strict__harmonized_dynamic_vitals,ci_low,0.2210919979705238,0.2189691470719121,-0.0021228508986117223,1e-08,DIFFERENCE,auprc,
gap_60_hospital_CI.csv,gap_60,source_trained__corrected_strict__harmonized_dynamic_vitals,ci_high,0.3347145149837826,0.3326000987336239,-0.0021144162501586794,1e-08,DIFFERENCE,auprc,
gap_60_hospital_CI.csv,gap_60,source_trained__corrected_strict__harmonized_dynamic_vitals,valid_replicates,1000.0,1000.0,0.0,1e-08,match,auprc,
gap_60_hospital_CI.csv,gap_60,source_trained__corrected_strict__harmonized_dynamic_vitals,attempted_replicates,1000.0,1000.0,0.0,1e-08,match,auprc,
gap_60_hospital_CI.csv,gap_60,source_trained__corrected_strict__harmonized_dynamic_vitals,estimate,0.5270688026125484,0.5243657445487819,-0.0027030580637664725,1e-08,DIFFERENCE,auroc,
gap_60_hospital_CI.csv,gap_60,source_trained__corrected_strict__harmonized_dynamic_vitals,ci_low,0.4937418609689414,0.4905196747221046,-0.003222186246836789,1e-08,DIFFERENCE,auroc,
gap_60_hospital_CI.csv,gap_60,source_trained__corrected_strict__harmonized_dynamic_vitals,ci_high,0.5475984384572684,0.544664031577827,-0.0029344068794414646,1e-08,DIFFERENCE,auroc,
gap_60_hospital_CI.csv,gap_60,source_trained__corrected_strict__harmonized_dynamic_vitals,valid_replicates,1000.0,1000.0,0.0,1e-08,match,auroc,
gap_60_hospital_CI.csv,gap_60,source_trained__corrected_strict__harmonized_dynamic_vitals,attempted_replicates,1000.0,1000.0,0.0,1e-08,match,auroc,
gap_60_hospital_CI.csv,gap_60,source_trained__corrected_strict__harmonized_dynamic_vitals,estimate,0.2087070385400919,0.2096294554955148,0.0009224169554228889,1e-08,DIFFERENCE,brier,
gap_60_hospital_CI.csv,gap_60,source_trained__corrected_strict__harmonized_dynamic_vitals,ci_low,0.1936528957037872,0.1947795356462155,0.0011266399424283147,1e-08,DIFFERENCE,brier,
gap_60_hospital_CI.csv,gap_60,source_trained__corrected_strict__harmonized_dynamic_vitals,ci_high,0.2198060849071437,0.220736272125822,0.0009301872186782967,1e-08,DIFFERENCE,brier,
gap_60_hospital_CI.csv,gap_60,source_trained__corrected_strict__harmonized_dynamic_vitals,valid_replicates,1000.0,1000.0,0.0,1e-08,match,brier,
gap_60_hospital_CI.csv,gap_60,source_trained__corrected_strict__harmonized_dynamic_vitals,attempted_replicates,1000.0,1000.0,0.0,1e-08,match,brier,
gap_60_hospital_CI.csv,gap_60,source_trained__corrected_strict__harmonized_dynamic_vitals,estimate,-0.9469798402605568,-0.9559576400721892,-0.008977799811632381,1e-08,DIFFERENCE,calibration_intercept,
gap_60_hospital_CI.csv,gap_60,source_trained__corrected_strict__harmonized_dynamic_vitals,ci_low,-1.310144567174215,-1.319566040903562,-0.009421473729347207,1e-08,DIFFERENCE,calibration_intercept,
gap_60_hospital_CI.csv,gap_60,source_trained__corrected_strict__harmonized_dynamic_vitals,ci_high,-0.7351425198912191,-0.7449221602153484,-0.009779640324129257,1e-08,DIFFERENCE,calibration_intercept,
gap_60_hospital_CI.csv,gap_60,source_trained__corrected_strict__harmonized_dynamic_vitals,valid_replicates,1000.0,1000.0,0.0,1e-08,match,calibration_intercept,
gap_60_hospital_CI.csv,gap_60,source_trained__corrected_strict__harmonized_dynamic_vitals,attempted_replicates,1000.0,1000.0,0.0,1e-08,match,calibration_intercept,
gap_60_hospital_CI.csv,gap_60,source_trained__corrected_strict__harmonized_dynamic_vitals,estimate,0.1344929021628408,0.1214850379447075,-0.013007864218133297,1e-08,DIFFERENCE,calibration_slope,
gap_60_hospital_CI.csv,gap_60,source_trained__corrected_strict__harmonized_dynamic_vitals,ci_low,-0.0580968879883218,-0.0674229731507436,-0.009326085162421796,1e-08,DIFFERENCE,calibration_slope,
gap_60_hospital_CI.csv,gap_60,source_trained__corrected_strict__harmonized_dynamic_vitals,ci_high,0.2841828313776604,0.2674822460896592,-0.016700585288001224,1e-08,DIFFERENCE,calibration_slope,
gap_60_hospital_CI.csv,gap_60,source_trained__corrected_strict__harmonized_dynamic_vitals,valid_replicates,1000.0,1000.0,0.0,1e-08,match,calibration_slope,
gap_60_hospital_CI.csv,gap_60,source_trained__corrected_strict__harmonized_dynamic_vitals,attempted_replicates,1000.0,1000.0,0.0,1e-08,match,calibration_slope,
gap_60_hospital_CI.csv,gap_60,source_trained__corrected_strict__harmonized_dynamic_vitals,estimate,0.3551715579056935,0.3568618490517614,0.0016902911460678904,1e-08,DIFFERENCE,mean_predicted_risk,
gap_60_hospital_CI.csv,gap_60,source_trained__corrected_strict__harmonized_dynamic_vitals,ci_low,0.3391665621226745,0.3405744542771204,0.0014078921544459222,1e-08,DIFFERENCE,mean_predicted_risk,
gap_60_hospital_CI.csv,gap_60,source_trained__corrected_strict__harmonized_dynamic_vitals,ci_high,0.3662597231557042,0.3682161949730798,0.0019564718173755713,1e-08,DIFFERENCE,mean_predicted_risk,
gap_60_hospital_CI.csv,gap_60,source_trained__corrected_strict__harmonized_dynamic_vitals,valid_replicates,1000.0,1000.0,0.0,1e-08,match,mean_predicted_risk,
gap_60_hospital_CI.csv,gap_60,source_trained__corrected_strict__harmonized_dynamic_vitals,attempted_replicates,1000.0,1000.0,0.0,1e-08,match,mean_predicted_risk,
gap_60_hospital_CI.csv,gap_60,source_trained__corrected_strict__harmonized_last_values,estimate,0.2543179379515626,0.2530778288752046,-0.0012401090763580203,1e-08,DIFFERENCE,auprc,
gap_60_hospital_CI.csv,gap_60,source_trained__corrected_strict__harmonized_last_values,ci_low,0.1926026842734501,0.1916031470226656,-0.000999537250784499,1e-08,DIFFERENCE,auprc,
gap_60_hospital_CI.csv,gap_60,source_trained__corrected_strict__harmonized_last_values,ci_high,0.305051431693535,0.3034566644750845,-0.0015947672184504769,1e-08,DIFFERENCE,auprc,
gap_60_hospital_CI.csv,gap_60,source_trained__corrected_strict__harmonized_last_values,valid_replicates,1000.0,1000.0,0.0,1e-08,match,auprc,
gap_60_hospital_CI.csv,gap_60,source_trained__corrected_strict__harmonized_last_values,attempted_replicates,1000.0,1000.0,0.0,1e-08,match,auprc,
gap_60_hospital_CI.csv,gap_60,source_trained__corrected_strict__harmonized_last_values,estimate,0.4945388442286347,0.4930298406602311,-0.0015090035684036107,1e-08,DIFFERENCE,auroc,
gap_60_hospital_CI.csv,gap_60,source_trained__corrected_strict__harmonized_last_values,ci_low,0.4513749419007652,0.4494039142416508,-0.0019710276591143883,1e-08,DIFFERENCE,auroc,
gap_60_hospital_CI.csv,gap_60,source_trained__corrected_strict__harmonized_last_values,ci_high,0.5193750078112644,0.5180271588724241,-0.0013478489388403236,1e-08,DIFFERENCE,auroc,
gap_60_hospital_CI.csv,gap_60,source_trained__corrected_strict__harmonized_last_values,valid_replicates,1000.0,1000.0,0.0,1e-08,match,auroc,
gap_60_hospital_CI.csv,gap_60,source_trained__corrected_strict__harmonized_last_values,attempted_replicates,1000.0,1000.0,0.0,1e-08,match,auroc,
gap_60_hospital_CI.csv,gap_60,source_trained__corrected_strict__harmonized_last_values,estimate,0.216694017398643,0.2170263574008647,0.00033234000222170934,1e-08,DIFFERENCE,brier,
gap_60_hospital_CI.csv,gap_60,source_trained__corrected_strict__harmonized_last_values,ci_low,0.2080419631150471,0.2082842202127958,0.00024225709774869375,1e-08,DIFFERENCE,brier,
gap_60_hospital_CI.csv,gap_60,source_trained__corrected_strict__harmonized_last_values,ci_high,0.2244343692819176,0.2247251131932052,0.0002907439112876109,1e-08,DIFFERENCE,brier,
gap_60_hospital_CI.csv,gap_60,source_trained__corrected_strict__harmonized_last_values,valid_replicates,1000.0,1000.0,0.0,1e-08,match,brier,
gap_60_hospital_CI.csv,gap_60,source_trained__corrected_strict__harmonized_last_values,attempted_replicates,1000.0,1000.0,0.0,1e-08,match,brier,
gap_60_hospital_CI.csv,gap_60,source_trained__corrected_strict__harmonized_last_values,estimate,-1.036420520306721,-1.0370949748518568,-0.0006744545451358164,1e-08,DIFFERENCE,calibration_intercept,
gap_60_hospital_CI.csv,gap_60,source_trained__corrected_strict__harmonized_last_values,ci_low,-1.3908181597698013,-1.3929531452909756,-0.002134985521174304,1e-08,DIFFERENCE,calibration_intercept,
gap_60_hospital_CI.csv,gap_60,source_trained__corrected_strict__harmonized_last_values,ci_high,-0.8161747333607217,-0.8147742199218179,0.0014005134389037943,1e-08,DIFFERENCE,calibration_intercept,
gap_60_hospital_CI.csv,gap_60,source_trained__corrected_strict__harmonized_last_values,valid_replicates,1000.0,1000.0,0.0,1e-08,match,calibration_intercept,
gap_60_hospital_CI.csv,gap_60,source_trained__corrected_strict__harmonized_last_values,attempted_replicates,1000.0,1000.0,0.0,1e-08,match,calibration_intercept,
gap_60_hospital_CI.csv,gap_60,source_trained__corrected_strict__harmonized_last_values,estimate,-0.0024567739453584,-0.0036932293011819,-0.0012364553558235,1e-08,DIFFERENCE,calibration_slope,
gap_60_hospital_CI.csv,gap_60,source_trained__corrected_strict__harmonized_last_values,ci_low,-0.2188678166851093,-0.2187899535073924,7.78631777169081e-05,1e-08,DIFFERENCE,calibration_slope,
gap_60_hospital_CI.csv,gap_60,source_trained__corrected_strict__harmonized_last_values,ci_high,0.1441132566362644,0.1390134014871644,-0.005099855149099997,1e-08,DIFFERENCE,calibration_slope,
gap_60_hospital_CI.csv,gap_60,source_trained__corrected_strict__harmonized_last_values,valid_replicates,1000.0,1000.0,0.0,1e-08,match,calibration_slope,
gap_60_hospital_CI.csv,gap_60,source_trained__corrected_strict__harmonized_last_values,attempted_replicates,1000.0,1000.0,0.0,1e-08,match,calibration_slope,
gap_60_hospital_CI.csv,gap_60,source_trained__corrected_strict__harmonized_last_values,estimate,0.3825737994784794,0.3825957922952598,2.1992816780391777e-05,1e-08,DIFFERENCE,mean_predicted_risk,
gap_60_hospital_CI.csv,gap_60,source_trained__corrected_strict__harmonized_last_values,ci_low,0.3764448633808644,0.3762859730729194,-0.00015889030794502546,1e-08,DIFFERENCE,mean_predicted_risk,
gap_60_hospital_CI.csv,gap_60,source_trained__corrected_strict__harmonized_last_values,ci_high,0.3884208287313438,0.3881757057553407,-0.0002451229760030982,1e-08,DIFFERENCE,mean_predicted_risk,
gap_60_hospital_CI.csv,gap_60,source_trained__corrected_strict__harmonized_last_values,valid_replicates,1000.0,1000.0,0.0,1e-08,match,mean_predicted_risk,
gap_60_hospital_CI.csv,gap_60,source_trained__corrected_strict__harmonized_last_values,attempted_replicates,1000.0,1000.0,0.0,1e-08,match,mean_predicted_risk,
gap_60_hospital_CI.csv,gap_60,target_native__harmonized_dynamic_vitals,estimate,0.3381087463693356,0.3381246320153508,1.5885646015234567e-05,1e-08,DIFFERENCE,auprc,
gap_60_hospital_CI.csv,gap_60,target_native__harmonized_dynamic_vitals,ci_low,0.2755299188883585,0.2755378203860166,7.901497658113765e-06,1e-08,DIFFERENCE,auprc,
gap_60_hospital_CI.csv,gap_60,target_native__harmonized_dynamic_vitals,ci_high,0.3825550364656952,0.3826362294567029,8.119299100767252e-05,1e-08,DIFFERENCE,auprc,
gap_60_hospital_CI.csv,gap_60,target_native__harmonized_dynamic_vitals,valid_replicates,1000.0,1000.0,0.0,1e-08,match,auprc,
gap_60_hospital_CI.csv,gap_60,target_native__harmonized_dynamic_vitals,attempted_replicates,1000.0,1000.0,0.0,1e-08,match,auprc,
gap_60_hospital_CI.csv,gap_60,target_native__harmonized_dynamic_vitals,estimate,0.5910630907206218,0.5910890816635427,2.5990942920883775e-05,1e-08,DIFFERENCE,auroc,
gap_60_hospital_CI.csv,gap_60,target_native__harmonized_dynamic_vitals,ci_low,0.5495972160230221,0.5496663369389843,6.912091596211756e-05,1e-08,DIFFERENCE,auroc,
gap_60_hospital_CI.csv,gap_60,target_native__harmonized_dynamic_vitals,ci_high,0.617220704165961,0.6172374109085451,1.670674258413829e-05,1e-08,DIFFERENCE,auroc,
gap_60_hospital_CI.csv,gap_60,target_native__harmonized_dynamic_vitals,valid_replicates,1000.0,1000.0,0.0,1e-08,match,auroc,
gap_60_hospital_CI.csv,gap_60,target_native__harmonized_dynamic_vitals,attempted_replicates,1000.0,1000.0,0.0,1e-08,match,auroc,
gap_60_hospital_CI.csv,gap_60,target_native__harmonized_dynamic_vitals,estimate,0.1912432201643388,0.1912517514578897,8.531293550884111e-06,1e-08,DIFFERENCE,brier,
gap_60_hospital_CI.csv,gap_60,target_native__harmonized_dynamic_vitals,ci_low,0.1698368760793903,0.1698366489816912,-2.270976990903506e-07,1e-08,DIFFERENCE,brier,
gap_60_hospital_CI.csv,gap_60,target_native__harmonized_dynamic_vitals,ci_high,0.2088537496828513,0.2088493178442306,-4.431838620699846e-06,1e-08,DIFFERENCE,brier,
gap_60_hospital_CI.csv,gap_60,target_native__harmonized_dynamic_vitals,valid_replicates,1000.0,1000.0,0.0,1e-08,match,brier,
gap_60_hospital_CI.csv,gap_60,target_native__harmonized_dynamic_vitals,attempted_replicates,1000.0,1000.0,0.0,1e-08,match,brier,
gap_60_hospital_CI.csv,gap_60,target_native__harmonized_dynamic_vitals,estimate,-0.5614599259471891,-0.5609162475481473,0.0005436783990417915,1e-08,DIFFERENCE,calibration_intercept,
gap_60_hospital_CI.csv,gap_60,target_native__harmonized_dynamic_vitals,ci_low,-0.8514818196084711,-0.8498144388764377,0.00166738073203343,1e-08,DIFFERENCE,calibration_intercept,
gap_60_hospital_CI.csv,gap_60,target_native__harmonized_dynamic_vitals,ci_high,-0.4260502678313081,-0.4263876042783922,-0.00033733644708405786,1e-08,DIFFERENCE,calibration_intercept,
gap_60_hospital_CI.csv,gap_60,target_native__harmonized_dynamic_vitals,valid_replicates,1000.0,1000.0,0.0,1e-08,match,calibration_intercept,
gap_60_hospital_CI.csv,gap_60,target_native__harmonized_dynamic_vitals,attempted_replicates,1000.0,1000.0,0.0,1e-08,match,calibration_intercept,
gap_60_hospital_CI.csv,gap_60,target_native__harmonized_dynamic_vitals,estimate,0.4899895161218525,0.4906699652513486,0.0006804491294961079,1e-08,DIFFERENCE,calibration_slope,
gap_60_hospital_CI.csv,gap_60,target_native__harmonized_dynamic_vitals,ci_low,0.2534915302595644,0.2551127689632479,0.0016212387036835252,1e-08,DIFFERENCE,calibration_slope,
gap_60_hospital_CI.csv,gap_60,target_native__harmonized_dynamic_vitals,ci_high,0.7020129979004358,0.7023909585249873,0.0003779606245515321,1e-08,DIFFERENCE,calibration_slope,
gap_60_hospital_CI.csv,gap_60,target_native__harmonized_dynamic_vitals,valid_replicates,1000.0,1000.0,0.0,1e-08,match,calibration_slope,
gap_60_hospital_CI.csv,gap_60,target_native__harmonized_dynamic_vitals,attempted_replicates,1000.0,1000.0,0.0,1e-08,match,calibration_slope,
gap_60_hospital_CI.csv,gap_60,target_native__harmonized_dynamic_vitals,estimate,0.2826221259246665,0.2826595939698685,3.746804520199376e-05,1e-08,DIFFERENCE,mean_predicted_risk,
gap_60_hospital_CI.csv,gap_60,target_native__harmonized_dynamic_vitals,ci_low,0.2667436947876009,0.2667942937677481,5.0598980147198436e-05,1e-08,DIFFERENCE,mean_predicted_risk,
gap_60_hospital_CI.csv,gap_60,target_native__harmonized_dynamic_vitals,ci_high,0.2962181356675482,0.2962592054613828,4.1069793834613844e-05,1e-08,DIFFERENCE,mean_predicted_risk,
gap_60_hospital_CI.csv,gap_60,target_native__harmonized_dynamic_vitals,valid_replicates,1000.0,1000.0,0.0,1e-08,match,mean_predicted_risk,
gap_60_hospital_CI.csv,gap_60,target_native__harmonized_dynamic_vitals,attempted_replicates,1000.0,1000.0,0.0,1e-08,match,mean_predicted_risk,
gap_60_hospital_CI.csv,gap_60,target_native__harmonized_last_values,estimate,0.334874995269603,0.334874995269603,0.0,1e-08,match,auprc,
gap_60_hospital_CI.csv,gap_60,target_native__harmonized_last_values,ci_low,0.2921193942310209,0.2921193942310209,0.0,1e-08,match,auprc,
gap_60_hospital_CI.csv,gap_60,target_native__harmonized_last_values,ci_high,0.3721426712578273,0.3721426712578273,0.0,1e-08,match,auprc,
gap_60_hospital_CI.csv,gap_60,target_native__harmonized_last_values,valid_replicates,1000.0,1000.0,0.0,1e-08,match,auprc,
gap_60_hospital_CI.csv,gap_60,target_native__harmonized_last_values,attempted_replicates,1000.0,1000.0,0.0,1e-08,match,auprc,
gap_60_hospital_CI.csv,gap_60,target_native__harmonized_last_values,estimate,0.5884945740084455,0.5884945740084455,0.0,1e-08,match,auroc,
gap_60_hospital_CI.csv,gap_60,target_native__harmonized_last_values,ci_low,0.5585287206008767,0.5585287206008767,0.0,1e-08,match,auroc,
gap_60_hospital_CI.csv,gap_60,target_native__harmonized_last_values,ci_high,0.621687140271217,0.621687140271217,0.0,1e-08,match,auroc,
gap_60_hospital_CI.csv,gap_60,target_native__harmonized_last_values,valid_replicates,1000.0,1000.0,0.0,1e-08,match,auroc,
gap_60_hospital_CI.csv,gap_60,target_native__harmonized_last_values,attempted_replicates,1000.0,1000.0,0.0,1e-08,match,auroc,
gap_60_hospital_CI.csv,gap_60,target_native__harmonized_last_values,estimate,0.1911084151808158,0.1911084151808158,0.0,1e-08,match,brier,
gap_60_hospital_CI.csv,gap_60,target_native__harmonized_last_values,ci_low,0.1693384738237084,0.1693384738237084,0.0,1e-08,match,brier,
gap_60_hospital_CI.csv,gap_60,target_native__harmonized_last_values,ci_high,0.2081926011355988,0.2081926011355988,0.0,1e-08,match,brier,
gap_60_hospital_CI.csv,gap_60,target_native__harmonized_last_values,valid_replicates,1000.0,1000.0,0.0,1e-08,match,brier,
gap_60_hospital_CI.csv,gap_60,target_native__harmonized_last_values,attempted_replicates,1000.0,1000.0,0.0,1e-08,match,brier,
gap_60_hospital_CI.csv,gap_60,target_native__harmonized_last_values,estimate,-0.5189297460178957,-0.5189297460178957,0.0,1e-08,match,calibration_intercept,
gap_60_hospital_CI.csv,gap_60,target_native__harmonized_last_values,ci_low,-0.8340903696633892,-0.8340903696633892,0.0,1e-08,match,calibration_intercept,
gap_60_hospital_CI.csv,gap_60,target_native__harmonized_last_values,ci_high,-0.3404798499528104,-0.3404798499528104,0.0,1e-08,match,calibration_intercept,
gap_60_hospital_CI.csv,gap_60,target_native__harmonized_last_values,valid_replicates,1000.0,1000.0,0.0,1e-08,match,calibration_intercept,
gap_60_hospital_CI.csv,gap_60,target_native__harmonized_last_values,attempted_replicates,1000.0,1000.0,0.0,1e-08,match,calibration_intercept,
gap_60_hospital_CI.csv,gap_60,target_native__harmonized_last_values,estimate,0.5604432505604341,0.5604432505604341,0.0,1e-08,match,calibration_slope,
gap_60_hospital_CI.csv,gap_60,target_native__harmonized_last_values,ci_low,0.208976072821435,0.208976072821435,0.0,1e-08,match,calibration_slope,
gap_60_hospital_CI.csv,gap_60,target_native__harmonized_last_values,ci_high,0.8824886161150115,0.8824886161150115,0.0,1e-08,match,calibration_slope,
gap_60_hospital_CI.csv,gap_60,target_native__harmonized_last_values,valid_replicates,1000.0,1000.0,0.0,1e-08,match,calibration_slope,
gap_60_hospital_CI.csv,gap_60,target_native__harmonized_last_values,attempted_replicates,1000.0,1000.0,0.0,1e-08,match,calibration_slope,
gap_60_hospital_CI.csv,gap_60,target_native__harmonized_last_values,estimate,0.2880300883867616,0.2880300883867616,0.0,1e-08,match,mean_predicted_risk,
gap_60_hospital_CI.csv,gap_60,target_native__harmonized_last_values,ci_low,0.2823515722323566,0.2823515722323566,0.0,1e-08,match,mean_predicted_risk,
gap_60_hospital_CI.csv,gap_60,target_native__harmonized_last_values,ci_high,0.2962210173485077,0.2962210173485077,0.0,1e-08,match,mean_predicted_risk,
gap_60_hospital_CI.csv,gap_60,target_native__harmonized_last_values,valid_replicates,1000.0,1000.0,0.0,1e-08,match,mean_predicted_risk,
gap_60_hospital_CI.csv,gap_60,target_native__harmonized_last_values,attempted_replicates,1000.0,1000.0,0.0,1e-08,match,mean_predicted_risk,
gap_60_hospital_CI.csv,gap_60,target_native_refit,estimate,0.3233167872804071,0.3234626502302627,0.0001458629498556352,1e-08,DIFFERENCE,auprc,
gap_60_hospital_CI.csv,gap_60,target_native_refit,ci_low,0.2660652124992543,0.2662926054095,0.00022739291024570507,1e-08,DIFFERENCE,auprc,
gap_60_hospital_CI.csv,gap_60,target_native_refit,ci_high,0.3687258205442954,0.3687552466542073,2.9426109911856457e-05,1e-08,DIFFERENCE,auprc,
gap_60_hospital_CI.csv,gap_60,target_native_refit,valid_replicates,1000.0,1000.0,0.0,1e-08,match,auprc,
gap_60_hospital_CI.csv,gap_60,target_native_refit,attempted_replicates,1000.0,1000.0,0.0,1e-08,match,auprc,
gap_60_hospital_CI.csv,gap_60,target_native_refit,estimate,0.5858480844675068,0.5858343245565487,-1.3759910958088817e-05,1e-08,DIFFERENCE,auroc,
gap_60_hospital_CI.csv,gap_60,target_native_refit,ci_low,0.5486012099932248,0.5486196990496688,1.848905644397103e-05,1e-08,DIFFERENCE,auroc,
gap_60_hospital_CI.csv,gap_60,target_native_refit,ci_high,0.6104774315555496,0.610521261179373,4.3829623823432584e-05,1e-08,DIFFERENCE,auroc,
gap_60_hospital_CI.csv,gap_60,target_native_refit,valid_replicates,1000.0,1000.0,0.0,1e-08,match,auroc,
gap_60_hospital_CI.csv,gap_60,target_native_refit,attempted_replicates,1000.0,1000.0,0.0,1e-08,match,auroc,
gap_60_hospital_CI.csv,gap_60,target_native_refit,estimate,0.1919813189878361,0.1919687574220573,-1.256156577880696e-05,1e-08,DIFFERENCE,brier,
gap_60_hospital_CI.csv,gap_60,target_native_refit,ci_low,0.1698813949533069,0.1698661212786378,-1.527367466910845e-05,1e-08,DIFFERENCE,brier,
gap_60_hospital_CI.csv,gap_60,target_native_refit,ci_high,0.2109855667308842,0.2109905957886594,5.029057775191026e-06,1e-08,DIFFERENCE,brier,
gap_60_hospital_CI.csv,gap_60,target_native_refit,valid_replicates,1000.0,1000.0,0.0,1e-08,match,brier,
gap_60_hospital_CI.csv,gap_60,target_native_refit,attempted_replicates,1000.0,1000.0,0.0,1e-08,match,brier,
gap_60_hospital_CI.csv,gap_60,target_native_refit,estimate,-0.5680379333771564,-0.5736361336250145,-0.005598200247858176,1e-08,DIFFERENCE,calibration_intercept,
gap_60_hospital_CI.csv,gap_60,target_native_refit,ci_low,-0.871179221922398,-0.8750649447325127,-0.003885722810114678,1e-08,DIFFERENCE,calibration_intercept,
gap_60_hospital_CI.csv,gap_60,target_native_refit,ci_high,-0.4008903578486986,-0.4032529619206672,-0.002362604071968588,1e-08,DIFFERENCE,calibration_intercept,
gap_60_hospital_CI.csv,gap_60,target_native_refit,valid_replicates,1000.0,1000.0,0.0,1e-08,match,calibration_intercept,
gap_60_hospital_CI.csv,gap_60,target_native_refit,attempted_replicates,1000.0,1000.0,0.0,1e-08,match,calibration_intercept,
gap_60_hospital_CI.csv,gap_60,target_native_refit,estimate,0.4387350158613964,0.4332265475802201,-0.005508468281176293,1e-08,DIFFERENCE,calibration_slope,
gap_60_hospital_CI.csv,gap_60,target_native_refit,ci_low,0.2099654203748711,0.2007314425235476,-0.009233977851323488,1e-08,DIFFERENCE,calibration_slope,
gap_60_hospital_CI.csv,gap_60,target_native_refit,ci_high,0.637885953724928,0.6392320956162927,0.0013461418913647272,1e-08,DIFFERENCE,calibration_slope,
gap_60_hospital_CI.csv,gap_60,target_native_refit,valid_replicates,1000.0,1000.0,0.0,1e-08,match,calibration_slope,
gap_60_hospital_CI.csv,gap_60,target_native_refit,attempted_replicates,1000.0,1000.0,0.0,1e-08,match,calibration_slope,
gap_60_hospital_CI.csv,gap_60,target_native_refit,estimate,0.2652095579812866,0.2651911305007705,-1.8427480516114425e-05,1e-08,DIFFERENCE,mean_predicted_risk,
gap_60_hospital_CI.csv,gap_60,target_native_refit,ci_low,0.2505630590917058,0.2505513658698863,-1.169322181948651e-05,1e-08,DIFFERENCE,mean_predicted_risk,
gap_60_hospital_CI.csv,gap_60,target_native_refit,ci_high,0.2799376801065684,0.2799208572855066,-1.682282106180155e-05,1e-08,DIFFERENCE,mean_predicted_risk,
gap_60_hospital_CI.csv,gap_60,target_native_refit,valid_replicates,1000.0,1000.0,0.0,1e-08,match,mean_predicted_risk,
gap_60_hospital_CI.csv,gap_60,target_native_refit,attempted_replicates,1000.0,1000.0,0.0,1e-08,match,mean_predicted_risk,
gap_60_paired_differences.csv,gap_60,corrected_primary_source_intercept_recalibrated,estimate,0.0,0.0,0.0,1e-08,match,auprc,corrected_primary_source_raw
gap_60_paired_differences.csv,gap_60,corrected_primary_source_intercept_recalibrated,ci_low,-5.551115123125783e-17,-5.551115123125783e-17,0.0,1e-08,match,auprc,corrected_primary_source_raw
gap_60_paired_differences.csv,gap_60,corrected_primary_source_intercept_recalibrated,ci_high,5.551115123125783e-17,5.551115123125783e-17,0.0,1e-08,match,auprc,corrected_primary_source_raw
gap_60_paired_differences.csv,gap_60,corrected_primary_source_intercept_recalibrated,valid_replicates,1000.0,1000.0,0.0,1e-08,match,auprc,corrected_primary_source_raw
gap_60_paired_differences.csv,gap_60,corrected_primary_source_intercept_recalibrated,estimate,0.0,0.0,0.0,1e-08,match,auroc,corrected_primary_source_raw
gap_60_paired_differences.csv,gap_60,corrected_primary_source_intercept_recalibrated,ci_low,0.0,0.0,0.0,1e-08,match,auroc,corrected_primary_source_raw
gap_60_paired_differences.csv,gap_60,corrected_primary_source_intercept_recalibrated,ci_high,0.0,0.0,0.0,1e-08,match,auroc,corrected_primary_source_raw
gap_60_paired_differences.csv,gap_60,corrected_primary_source_intercept_recalibrated,valid_replicates,1000.0,1000.0,0.0,1e-08,match,auroc,corrected_primary_source_raw
gap_60_paired_differences.csv,gap_60,corrected_primary_source_intercept_recalibrated,estimate,-0.2440204410270489,-0.2432818474964617,0.0007385935305871949,1e-08,DIFFERENCE,brier,corrected_primary_source_raw
gap_60_paired_differences.csv,gap_60,corrected_primary_source_intercept_recalibrated,ci_low,-0.2807035125718518,-0.2797414428865119,0.0009620696853398503,1e-08,DIFFERENCE,brier,corrected_primary_source_raw
gap_60_paired_differences.csv,gap_60,corrected_primary_source_intercept_recalibrated,ci_high,-0.1840501506054162,-0.1839276189242912,0.00012253168112502655,1e-08,DIFFERENCE,brier,corrected_primary_source_raw
gap_60_paired_differences.csv,gap_60,corrected_primary_source_intercept_recalibrated,valid_replicates,1000.0,1000.0,0.0,1e-08,match,brier,corrected_primary_source_raw
gap_60_paired_differences.csv,gap_60,corrected_primary_source_intercept_recalibrated,estimate,0.1684023494719182,0.1674347001165521,-0.0009676493553661125,1e-08,DIFFERENCE,calibration_intercept,corrected_primary_source_raw
gap_60_paired_differences.csv,gap_60,corrected_primary_source_intercept_recalibrated,ci_low,-0.0785513269209524,-0.0768945189875803,0.001656807933372098,1e-08,DIFFERENCE,calibration_intercept,corrected_primary_source_raw
gap_60_paired_differences.csv,gap_60,corrected_primary_source_intercept_recalibrated,ci_high,0.3674047003153766,0.3631057384256463,-0.0042989618897302795,1e-08,DIFFERENCE,calibration_intercept,corrected_primary_source_raw
gap_60_paired_differences.csv,gap_60,corrected_primary_source_intercept_recalibrated,valid_replicates,1000.0,1000.0,0.0,1e-08,match,calibration_intercept,corrected_primary_source_raw
gap_60_paired_differences.csv,gap_60,corrected_primary_source_intercept_recalibrated,estimate,-0.0003320617482698,-0.0003247774401049,7.2843081648999906e-06,1e-08,DIFFERENCE,calibration_slope,corrected_primary_source_raw
gap_60_paired_differences.csv,gap_60,corrected_primary_source_intercept_recalibrated,ci_low,-0.0024602350676447,-0.002471415932504,-1.1180864859300019e-05,1e-08,DIFFERENCE,calibration_slope,corrected_primary_source_raw
gap_60_paired_differences.csv,gap_60,corrected_primary_source_intercept_recalibrated,ci_high,0.0002078329593413,0.0002122628934405,4.429934099200002e-06,1e-08,DIFFERENCE,calibration_slope,corrected_primary_source_raw
gap_60_paired_differences.csv,gap_60,corrected_primary_source_intercept_recalibrated,valid_replicates,1000.0,1000.0,0.0,1e-08,match,calibration_slope,corrected_primary_source_raw
gap_60_paired_differences.csv,gap_60,corrected_primary_source_intercept_recalibrated,estimate,-0.3326271889446285,-0.3318039741864318,0.0008232147581966887,1e-08,DIFFERENCE,mean_predicted_risk,corrected_primary_source_raw
gap_60_paired_differences.csv,gap_60,corrected_primary_source_intercept_recalibrated,ci_low,-0.355675135351952,-0.3548142402543982,0.000860895097553771,1e-08,DIFFERENCE,mean_predicted_risk,corrected_primary_source_raw
gap_60_paired_differences.csv,gap_60,corrected_primary_source_intercept_recalibrated,ci_high,-0.3199155908896106,-0.3189750495043186,0.000940541385291982,1e-08,DIFFERENCE,mean_predicted_risk,corrected_primary_source_raw
gap_60_paired_differences.csv,gap_60,corrected_primary_source_intercept_recalibrated,valid_replicates,1000.0,1000.0,0.0,1e-08,match,mean_predicted_risk,corrected_primary_source_raw
gap_60_paired_differences.csv,gap_60,corrected_primary_source_logistic_recalibrated,estimate,-0.0024755391218126,-0.00311535839107,-0.0006398192692574,1e-08,DIFFERENCE,auprc,corrected_primary_source_raw
gap_60_paired_differences.csv,gap_60,corrected_primary_source_logistic_recalibrated,ci_low,-0.0380537929867697,-0.0387364966649151,-0.0006827036781454007,1e-08,DIFFERENCE,auprc,corrected_primary_source_raw
gap_60_paired_differences.csv,gap_60,corrected_primary_source_logistic_recalibrated,ci_high,0.0400530134965454,0.0388715818706127,-0.0011814316259326982,1e-08,DIFFERENCE,auprc,corrected_primary_source_raw
gap_60_paired_differences.csv,gap_60,corrected_primary_source_logistic_recalibrated,valid_replicates,1000.0,1000.0,0.0,1e-08,match,auprc,corrected_primary_source_raw
gap_60_paired_differences.csv,gap_60,corrected_primary_source_logistic_recalibrated,estimate,-0.0131147240220525,-0.0140656867571559,-0.0009509627351033997,1e-08,DIFFERENCE,auroc,corrected_primary_source_raw
gap_60_paired_differences.csv,gap_60,corrected_primary_source_logistic_recalibrated,ci_low,-0.0728636646292269,-0.0738891127409554,-0.0010254481117284997,1e-08,DIFFERENCE,auroc,corrected_primary_source_raw
gap_60_paired_differences.csv,gap_60,corrected_primary_source_logistic_recalibrated,ci_high,0.0632260327443311,0.0619010971105776,-0.0013249356337535004,1e-08,DIFFERENCE,auroc,corrected_primary_source_raw
gap_60_paired_differences.csv,gap_60,corrected_primary_source_logistic_recalibrated,valid_replicates,1000.0,1000.0,0.0,1e-08,match,auroc,corrected_primary_source_raw
gap_60_paired_differences.csv,gap_60,corrected_primary_source_logistic_recalibrated,estimate,-0.3857724903186448,-0.3848317106863451,0.0009407796322997153,1e-08,DIFFERENCE,brier,corrected_primary_source_raw
gap_60_paired_differences.csv,gap_60,corrected_primary_source_logistic_recalibrated,ci_low,-0.4450806259096286,-0.4440581886724468,0.001022437237181817,1e-08,DIFFERENCE,brier,corrected_primary_source_raw
gap_60_paired_differences.csv,gap_60,corrected_primary_source_logistic_recalibrated,ci_high,-0.2992462774083825,-0.2985303358881593,0.0007159415202231956,1e-08,DIFFERENCE,brier,corrected_primary_source_raw
gap_60_paired_differences.csv,gap_60,corrected_primary_source_logistic_recalibrated,valid_replicates,1000.0,1000.0,0.0,1e-08,match,brier,corrected_primary_source_raw
gap_60_paired_differences.csv,gap_60,corrected_primary_source_logistic_recalibrated,estimate,-22.255003342455563,-19.79800916654843,2.456994175907134,1e-08,DIFFERENCE,calibration_intercept,corrected_primary_source_raw
gap_60_paired_differences.csv,gap_60,corrected_primary_source_logistic_recalibrated,ci_low,-48.47070829427486,-42.86054059532789,5.610167698946967,1e-08,DIFFERENCE,calibration_intercept,corrected_primary_source_raw
gap_60_paired_differences.csv,gap_60,corrected_primary_source_logistic_recalibrated,ci_high,9.788168538194496,8.570853740840814,-1.2173147973536818,1e-08,DIFFERENCE,calibration_intercept,corrected_primary_source_raw
gap_60_paired_differences.csv,gap_60,corrected_primary_source_logistic_recalibrated,valid_replicates,1000.0,1000.0,0.0,1e-08,match,calibration_intercept,corrected_primary_source_raw
gap_60_paired_differences.csv,gap_60,corrected_primary_source_logistic_recalibrated,estimate,-24.970298006481435,-22.226160489498604,2.744137516982832,1e-08,DIFFERENCE,calibration_slope,corrected_primary_source_raw
gap_60_paired_differences.csv,gap_60,corrected_primary_source_logistic_recalibrated,ci_low,-54.38458764075547,-48.11724997479501,6.267337665960461,1e-08,DIFFERENCE,calibration_slope,corrected_primary_source_raw
gap_60_paired_differences.csv,gap_60,corrected_primary_source_logistic_recalibrated,ci_high,10.98240830764703,9.62203826947449,-1.3603700381725385,1e-08,DIFFERENCE,calibration_slope,corrected_primary_source_raw
gap_60_paired_differences.csv,gap_60,corrected_primary_source_logistic_recalibrated,valid_replicates,1000.0,1000.0,0.0,1e-08,match,calibration_slope,corrected_primary_source_raw
gap_60_paired_differences.csv,gap_60,corrected_primary_source_logistic_recalibrated,estimate,-0.530421738143612,-0.5294897918041717,0.0009319463394403815,1e-08,DIFFERENCE,mean_predicted_risk,corrected_primary_source_raw
gap_60_paired_differences.csv,gap_60,corrected_primary_source_logistic_recalibrated,ci_low,-0.6189465027501706,-0.6180798241978878,0.0008666785522828402,1e-08,DIFFERENCE,mean_predicted_risk,corrected_primary_source_raw
gap_60_paired_differences.csv,gap_60,corrected_primary_source_logistic_recalibrated,ci_high,-0.3770385437178544,-0.3760138786491431,0.0010246650687112946,1e-08,DIFFERENCE,mean_predicted_risk,corrected_primary_source_raw
gap_60_paired_differences.csv,gap_60,corrected_primary_source_logistic_recalibrated,valid_replicates,1000.0,1000.0,0.0,1e-08,match,mean_predicted_risk,corrected_primary_source_raw
gap_60_paired_differences.csv,gap_60,corrected_strict_source_intercept_recalibrated,estimate,0.0001396340783554,-0.0005371745456006,-0.000676808623956,1e-08,DIFFERENCE,auprc,corrected_primary_source_raw
gap_60_paired_differences.csv,gap_60,corrected_strict_source_intercept_recalibrated,ci_low,-0.0019394497419856,-0.0025724593473529,-0.0006330096053673,1e-08,DIFFERENCE,auprc,corrected_primary_source_raw
gap_60_paired_differences.csv,gap_60,corrected_strict_source_intercept_recalibrated,ci_high,0.0015111299581438,0.0011254181364835,-0.00038571182166029986,1e-08,DIFFERENCE,auprc,corrected_primary_source_raw
gap_60_paired_differences.csv,gap_60,corrected_strict_source_intercept_recalibrated,valid_replicates,1000.0,1000.0,0.0,1e-08,match,auprc,corrected_primary_source_raw
gap_60_paired_differences.csv,gap_60,corrected_strict_source_intercept_recalibrated,estimate,0.0007078709748438,0.0002507361552361,-0.00045713481960769995,1e-08,DIFFERENCE,auroc,corrected_primary_source_raw
gap_60_paired_differences.csv,gap_60,corrected_strict_source_intercept_recalibrated,ci_low,-0.0002152752593288,-0.000575457643364,-0.00036018238403520003,1e-08,DIFFERENCE,auroc,corrected_primary_source_raw
gap_60_paired_differences.csv,gap_60,corrected_strict_source_intercept_recalibrated,ci_high,0.0013843242533017,0.000934972972545,-0.0004493512807567001,1e-08,DIFFERENCE,auroc,corrected_primary_source_raw
gap_60_paired_differences.csv,gap_60,corrected_strict_source_intercept_recalibrated,valid_replicates,1000.0,1000.0,0.0,1e-08,match,auroc,corrected_primary_source_raw
gap_60_paired_differences.csv,gap_60,corrected_strict_source_intercept_recalibrated,estimate,-0.2455412643155358,-0.2439031667550398,0.001638097560495988,1e-08,DIFFERENCE,brier,corrected_primary_source_raw
gap_60_paired_differences.csv,gap_60,corrected_strict_source_intercept_recalibrated,ci_low,-0.2827572909809475,-0.2806996711718994,0.0020576198090480613,1e-08,DIFFERENCE,brier,corrected_primary_source_raw
gap_60_paired_differences.csv,gap_60,corrected_strict_source_intercept_recalibrated,ci_high,-0.1847944536485583,-0.1839733558333573,0.0008210978152009829,1e-08,DIFFERENCE,brier,corrected_primary_source_raw
gap_60_paired_differences.csv,gap_60,corrected_strict_source_intercept_recalibrated,valid_replicates,1000.0,1000.0,0.0,1e-08,match,brier,corrected_primary_source_raw
gap_60_paired_differences.csv,gap_60,corrected_strict_source_intercept_recalibrated,estimate,0.1690076116422452,0.1681357003417063,-0.0008719113005389023,1e-08,DIFFERENCE,calibration_intercept,corrected_primary_source_raw
gap_60_paired_differences.csv,gap_60,corrected_strict_source_intercept_recalibrated,ci_low,-0.0776876108624737,-0.0763267723777431,0.001360838484730592,1e-08,DIFFERENCE,calibration_intercept,corrected_primary_source_raw
gap_60_paired_differences.csv,gap_60,corrected_strict_source_intercept_recalibrated,ci_high,0.3672571784954532,0.3634025073219197,-0.003854671173533497,1e-08,DIFFERENCE,calibration_intercept,corrected_primary_source_raw
gap_60_paired_differences.csv,gap_60,corrected_strict_source_intercept_recalibrated,valid_replicates,999.0,1000.0,1.0,1e-08,DIFFERENCE,calibration_intercept,corrected_primary_source_raw
gap_60_paired_differences.csv,gap_60,corrected_strict_source_intercept_recalibrated,estimate,0.0006909945553058,-1.0915852860046704e-05,-0.0007019104081658467,1e-08,DIFFERENCE,calibration_slope,corrected_primary_source_raw
gap_60_paired_differences.csv,gap_60,corrected_strict_source_intercept_recalibrated,ci_low,-0.0021993548339145,-0.0021221890578403,7.716577607420026e-05,1e-08,DIFFERENCE,calibration_slope,corrected_primary_source_raw
gap_60_paired_differences.csv,gap_60,corrected_strict_source_intercept_recalibrated,ci_high,0.001941378608418,0.0009380851899305,-0.0010032934184875,1e-08,DIFFERENCE,calibration_slope,corrected_primary_source_raw
gap_60_paired_differences.csv,gap_60,corrected_strict_source_intercept_recalibrated,valid_replicates,999.0,1000.0,1.0,1e-08,DIFFERENCE,calibration_slope,corrected_primary_source_raw
gap_60_paired_differences.csv,gap_60,corrected_strict_source_intercept_recalibrated,estimate,-0.3331098861663892,-0.3316296770454247,0.0014802091209645263,1e-08,DIFFERENCE,mean_predicted_risk,corrected_primary_source_raw
gap_60_paired_differences.csv,gap_60,corrected_strict_source_intercept_recalibrated,ci_low,-0.3553515215117023,-0.3545237503231071,0.0008277711885951722,1e-08,DIFFERENCE,mean_predicted_risk,corrected_primary_source_raw
gap_60_paired_differences.csv,gap_60,corrected_strict_source_intercept_recalibrated,ci_high,-0.3211299935944297,-0.319150584722591,0.0019794088718386726,1e-08,DIFFERENCE,mean_predicted_risk,corrected_primary_source_raw
gap_60_paired_differences.csv,gap_60,corrected_strict_source_intercept_recalibrated,valid_replicates,1000.0,1000.0,0.0,1e-08,match,mean_predicted_risk,corrected_primary_source_raw
gap_60_paired_differences.csv,gap_60,corrected_strict_source_logistic_recalibrated,estimate,-0.0026651098628312,-0.0029748986714556,-0.00030978880862440016,1e-08,DIFFERENCE,auprc,corrected_primary_source_raw
gap_60_paired_differences.csv,gap_60,corrected_strict_source_logistic_recalibrated,ci_low,-0.0386071562481657,-0.0387608988585917,-0.0001537426104259998,1e-08,DIFFERENCE,auprc,corrected_primary_source_raw
gap_60_paired_differences.csv,gap_60,corrected_strict_source_logistic_recalibrated,ci_high,0.0396303179563699,0.0400792727837848,0.0004489548274149019,1e-08,DIFFERENCE,auprc,corrected_primary_source_raw
gap_60_paired_differences.csv,gap_60,corrected_strict_source_logistic_recalibrated,valid_replicates,1000.0,1000.0,0.0,1e-08,match,auprc,corrected_primary_source_raw
gap_60_paired_differences.csv,gap_60,corrected_strict_source_logistic_recalibrated,estimate,-0.0138225949968963,-0.0143164229123923,-0.000493827915495999,1e-08,DIFFERENCE,auroc,corrected_primary_source_raw
gap_60_paired_differences.csv,gap_60,corrected_strict_source_logistic_recalibrated,ci_low,-0.0737505854494864,-0.0746435856744875,-0.000893000225001106,1e-08,DIFFERENCE,auroc,corrected_primary_source_raw
gap_60_paired_differences.csv,gap_60,corrected_strict_source_logistic_recalibrated,ci_high,0.062562381218641,0.0616763281285331,-0.0008860530901078911,1e-08,DIFFERENCE,auroc,corrected_primary_source_raw
gap_60_paired_differences.csv,gap_60,corrected_strict_source_logistic_recalibrated,valid_replicates,1000.0,1000.0,0.0,1e-08,match,auroc,corrected_primary_source_raw
gap_60_paired_differences.csv,gap_60,corrected_strict_source_logistic_recalibrated,estimate,-0.3857740060044941,-0.3848342572348926,0.0009397487696014561,1e-08,DIFFERENCE,brier,corrected_primary_source_raw
gap_60_paired_differences.csv,gap_60,corrected_strict_source_logistic_recalibrated,ci_low,-0.4450745710212659,-0.444051804325119,0.0010227666961469262,1e-08,DIFFERENCE,brier,corrected_primary_source_raw
gap_60_paired_differences.csv,gap_60,corrected_strict_source_logistic_recalibrated,ci_high,-0.2992533793381364,-0.2985391218685334,0.0007142574696030191,1e-08,DIFFERENCE,brier,corrected_primary_source_raw
gap_60_paired_differences.csv,gap_60,corrected_strict_source_logistic_recalibrated,valid_replicates,1000.0,1000.0,0.0,1e-08,match,brier,corrected_primary_source_raw
gap_60_paired_differences.csv,gap_60,corrected_strict_source_logistic_recalibrated,estimate,-34.35359104809801,-31.00403649713457,3.3495545509634397,1e-08,DIFFERENCE,calibration_intercept,corrected_primary_source_raw
gap_60_paired_differences.csv,gap_60,corrected_strict_source_logistic_recalibrated,ci_low,-73.99990354383795,-66.77114776933603,7.22875577450192,1e-08,DIFFERENCE,calibration_intercept,corrected_primary_source_raw
gap_60_paired_differences.csv,gap_60,corrected_strict_source_logistic_recalibrated,ci_high,14.349981043380923,12.944386408485675,-1.4055946348952482,1e-08,DIFFERENCE,calibration_intercept,corrected_primary_source_raw
gap_60_paired_differences.csv,gap_60,corrected_strict_source_logistic_recalibrated,valid_replicates,1000.0,1000.0,0.0,1e-08,match,calibration_intercept,corrected_primary_source_raw
gap_60_paired_differences.csv,gap_60,corrected_strict_source_logistic_recalibrated,estimate,-38.48306220231055,-34.74110520887396,3.741956993436588,1e-08,DIFFERENCE,calibration_slope,corrected_primary_source_raw
gap_60_paired_differences.csv,gap_60,corrected_strict_source_logistic_recalibrated,ci_low,-82.9008796825856,-74.82407906166951,8.076800620916089,1e-08,DIFFERENCE,calibration_slope,corrected_primary_source_raw
gap_60_paired_differences.csv,gap_60,corrected_strict_source_logistic_recalibrated,ci_high,16.078560462615325,14.507141228240949,-1.5714192343743765,1e-08,DIFFERENCE,calibration_slope,corrected_primary_source_raw
gap_60_paired_differences.csv,gap_60,corrected_strict_source_logistic_recalibrated,valid_replicates,1000.0,1000.0,0.0,1e-08,match,calibration_slope,corrected_primary_source_raw
gap_60_paired_differences.csv,gap_60,corrected_strict_source_logistic_recalibrated,estimate,-0.5302218223701339,-0.5292656781215036,0.0009561442486303307,1e-08,DIFFERENCE,mean_predicted_risk,corrected_primary_source_raw
gap_60_paired_differences.csv,gap_60,corrected_strict_source_logistic_recalibrated,ci_low,-0.6186531137374508,-0.6177470349255193,0.0009060788119314989,1e-08,DIFFERENCE,mean_predicted_risk,corrected_primary_source_raw
gap_60_paired_differences.csv,gap_60,corrected_strict_source_logistic_recalibrated,ci_high,-0.376994587150822,-0.3759709228045014,0.0010236643463206185,1e-08,DIFFERENCE,mean_predicted_risk,corrected_primary_source_raw
gap_60_paired_differences.csv,gap_60,corrected_strict_source_logistic_recalibrated,valid_replicates,1000.0,1000.0,0.0,1e-08,match,mean_predicted_risk,corrected_primary_source_raw
gap_60_paired_differences.csv,gap_60,corrected_strict_source_raw,estimate,0.0001396340783553,-0.0005371745456005,-0.0006768086239558,1e-08,DIFFERENCE,auprc,corrected_primary_source_raw
gap_60_paired_differences.csv,gap_60,corrected_strict_source_raw,ci_low,-0.0019394497419856,-0.0025724593473529,-0.0006330096053673,1e-08,DIFFERENCE,auprc,corrected_primary_source_raw
gap_60_paired_differences.csv,gap_60,corrected_strict_source_raw,ci_high,0.0015111299581438,0.0011254181364835,-0.00038571182166029986,1e-08,DIFFERENCE,auprc,corrected_primary_source_raw
gap_60_paired_differences.csv,gap_60,corrected_strict_source_raw,valid_replicates,1000.0,1000.0,0.0,1e-08,match,auprc,corrected_primary_source_raw
gap_60_paired_differences.csv,gap_60,corrected_strict_source_raw,estimate,0.0007078709748438,0.0002507361552361,-0.00045713481960769995,1e-08,DIFFERENCE,auroc,corrected_primary_source_raw
gap_60_paired_differences.csv,gap_60,corrected_strict_source_raw,ci_low,-0.0002152752593288,-0.000575457643364,-0.00036018238403520003,1e-08,DIFFERENCE,auroc,corrected_primary_source_raw
gap_60_paired_differences.csv,gap_60,corrected_strict_source_raw,ci_high,0.0013843242533017,0.000934972972545,-0.0004493512807567001,1e-08,DIFFERENCE,auroc,corrected_primary_source_raw
gap_60_paired_differences.csv,gap_60,corrected_strict_source_raw,valid_replicates,1000.0,1000.0,0.0,1e-08,match,auroc,corrected_primary_source_raw
gap_60_paired_differences.csv,gap_60,corrected_strict_source_raw,estimate,6.630326213152848e-05,0.0012552931732309,0.0011889899110993716,1e-08,DIFFERENCE,brier,corrected_primary_source_raw
gap_60_paired_differences.csv,gap_60,corrected_strict_source_raw,ci_low,-0.0001656500459816,0.0010511552435123,0.0012168052894939,1e-08,DIFFERENCE,brier,corrected_primary_source_raw
gap_60_paired_differences.csv,gap_60,corrected_strict_source_raw,ci_high,0.0003474420871065,0.001533839566732,0.0011863974796255,1e-08,DIFFERENCE,brier,corrected_primary_source_raw
gap_60_paired_differences.csv,gap_60,corrected_strict_source_raw,valid_replicates,1000.0,1000.0,0.0,1e-08,match,brier,corrected_primary_source_raw
gap_60_paired_differences.csv,gap_60,corrected_strict_source_raw,estimate,-0.003133865035344,-0.0037021538268067,-0.0005682887914627002,1e-08,DIFFERENCE,calibration_intercept,corrected_primary_source_raw
gap_60_paired_differences.csv,gap_60,corrected_strict_source_raw,ci_low,-0.0071345001536294,-0.0077491376655291,-0.0006146375118997001,1e-08,DIFFERENCE,calibration_intercept,corrected_primary_source_raw
gap_60_paired_differences.csv,gap_60,corrected_strict_source_raw,ci_high,-0.0005486876199009,4.703232888790132e-05,0.0005957199487888013,1e-08,DIFFERENCE,calibration_intercept,corrected_primary_source_raw
gap_60_paired_differences.csv,gap_60,corrected_strict_source_raw,valid_replicates,1000.0,1000.0,0.0,1e-08,match,calibration_intercept,corrected_primary_source_raw
gap_60_paired_differences.csv,gap_60,corrected_strict_source_raw,estimate,0.0010100710802432,0.0003101965205009,-0.0006998745597423001,1e-08,DIFFERENCE,calibration_slope,corrected_primary_source_raw
gap_60_paired_differences.csv,gap_60,corrected_strict_source_raw,ci_low,0.0002795329675109,-0.0003643998040571,-0.000643932771568,1e-08,DIFFERENCE,calibration_slope,corrected_primary_source_raw
gap_60_paired_differences.csv,gap_60,corrected_strict_source_raw,ci_high,0.0018535825833218,0.0011162613251847,-0.0007373212581371,1e-08,DIFFERENCE,calibration_slope,corrected_primary_source_raw
gap_60_paired_differences.csv,gap_60,corrected_strict_source_raw,valid_replicates,1000.0,1000.0,0.0,1e-08,match,calibration_slope,corrected_primary_source_raw
gap_60_paired_differences.csv,gap_60,corrected_strict_source_raw,estimate,0.001015755479656,0.0021857062671974,0.0011699507875414,1e-08,DIFFERENCE,mean_predicted_risk,corrected_primary_source_raw
gap_60_paired_differences.csv,gap_60,corrected_strict_source_raw,ci_low,0.000434276150257,0.0015360594001491,0.0011017832498921,1e-08,DIFFERENCE,mean_predicted_risk,corrected_primary_source_raw
gap_60_paired_differences.csv,gap_60,corrected_strict_source_raw,ci_high,0.0020593661882289,0.0033394758481454,0.0012801096599165001,1e-08,DIFFERENCE,mean_predicted_risk,corrected_primary_source_raw
gap_60_paired_differences.csv,gap_60,corrected_strict_source_raw,valid_replicates,1000.0,1000.0,0.0,1e-08,match,mean_predicted_risk,corrected_primary_source_raw
gap_60_paired_differences.csv,gap_60,source_trained__corrected_primary__harmonized_dynamic_vitals,estimate,0.0282790461477164,0.0266043492059326,-0.0016746969417838,1e-08,DIFFERENCE,auprc,corrected_primary_source_raw
gap_60_paired_differences.csv,gap_60,source_trained__corrected_primary__harmonized_dynamic_vitals,ci_low,0.0029383699688108,0.0020543202812168,-0.000884049687594,1e-08,DIFFERENCE,auprc,corrected_primary_source_raw
gap_60_paired_differences.csv,gap_60,source_trained__corrected_primary__harmonized_dynamic_vitals,ci_high,0.051528816374965,0.0491737541032457,-0.002355062271719305,1e-08,DIFFERENCE,auprc,corrected_primary_source_raw
gap_60_paired_differences.csv,gap_60,source_trained__corrected_primary__harmonized_dynamic_vitals,valid_replicates,1000.0,1000.0,0.0,1e-08,match,auprc,corrected_primary_source_raw
gap_60_paired_differences.csv,gap_60,source_trained__corrected_primary__harmonized_dynamic_vitals,estimate,0.0194565140947354,0.0171586089647348,-0.0022979051300006,1e-08,DIFFERENCE,auroc,corrected_primary_source_raw
gap_60_paired_differences.csv,gap_60,source_trained__corrected_primary__harmonized_dynamic_vitals,ci_low,-0.0089252594820565,-0.0112948539375099,-0.0023695944554534,1e-08,DIFFERENCE,auroc,corrected_primary_source_raw
gap_60_paired_differences.csv,gap_60,source_trained__corrected_primary__harmonized_dynamic_vitals,ci_high,0.0464650491838327,0.0441748335585157,-0.002290215625316998,1e-08,DIFFERENCE,auroc,corrected_primary_source_raw
gap_60_paired_differences.csv,gap_60,source_trained__corrected_primary__harmonized_dynamic_vitals,valid_replicates,1000.0,1000.0,0.0,1e-08,match,auroc,corrected_primary_source_raw
gap_60_paired_differences.csv,gap_60,source_trained__corrected_primary__harmonized_dynamic_vitals,estimate,-0.3716772906692124,-0.3702141175973774,0.0014631730718350222,1e-08,DIFFERENCE,brier,corrected_primary_source_raw
gap_60_paired_differences.csv,gap_60,source_trained__corrected_primary__harmonized_dynamic_vitals,ci_low,-0.4305098017591883,-0.4288668343729297,0.0016429673862585759,1e-08,DIFFERENCE,brier,corrected_primary_source_raw
gap_60_paired_differences.csv,gap_60,source_trained__corrected_primary__harmonized_dynamic_vitals,ci_high,-0.2821706221143202,-0.2809822407863031,0.0011883813280171296,1e-08,DIFFERENCE,brier,corrected_primary_source_raw
gap_60_paired_differences.csv,gap_60,source_trained__corrected_primary__harmonized_dynamic_vitals,valid_replicates,1000.0,1000.0,0.0,1e-08,match,brier,corrected_primary_source_raw
gap_60_paired_differences.csv,gap_60,source_trained__corrected_primary__harmonized_dynamic_vitals,estimate,0.2212940617371546,0.2181616448929804,-0.0031324168441742017,1e-08,DIFFERENCE,calibration_intercept,corrected_primary_source_raw
gap_60_paired_differences.csv,gap_60,source_trained__corrected_primary__harmonized_dynamic_vitals,ci_low,-0.066199375815968,-0.0724611339640367,-0.0062617581480686885,1e-08,DIFFERENCE,calibration_intercept,corrected_primary_source_raw
gap_60_paired_differences.csv,gap_60,source_trained__corrected_primary__harmonized_dynamic_vitals,ci_high,0.4438639668491014,0.443519042418113,-0.0003449244309883803,1e-08,DIFFERENCE,calibration_intercept,corrected_primary_source_raw
gap_60_paired_differences.csv,gap_60,source_trained__corrected_primary__harmonized_dynamic_vitals,valid_replicates,1000.0,1000.0,0.0,1e-08,match,calibration_intercept,corrected_primary_source_raw
gap_60_paired_differences.csv,gap_60,source_trained__corrected_primary__harmonized_dynamic_vitals,estimate,0.0825098190085633,0.0784986818142501,-0.004011137194313202,1e-08,DIFFERENCE,calibration_slope,corrected_primary_source_raw
gap_60_paired_differences.csv,gap_60,source_trained__corrected_primary__harmonized_dynamic_vitals,ci_low,-0.0786342781818468,-0.0838446064890255,-0.005210328307178699,1e-08,DIFFERENCE,calibration_slope,corrected_primary_source_raw
gap_60_paired_differences.csv,gap_60,source_trained__corrected_primary__harmonized_dynamic_vitals,ci_high,0.2124913396884053,0.2040017729373897,-0.008489566751015615,1e-08,DIFFERENCE,calibration_slope,corrected_primary_source_raw
gap_60_paired_differences.csv,gap_60,source_trained__corrected_primary__harmonized_dynamic_vitals,valid_replicates,1000.0,1000.0,0.0,1e-08,match,calibration_slope,corrected_primary_source_raw
gap_60_paired_differences.csv,gap_60,source_trained__corrected_primary__harmonized_dynamic_vitals,estimate,-0.4688239556650919,-0.4673832570040488,0.0014406986610430716,1e-08,DIFFERENCE,mean_predicted_risk,corrected_primary_source_raw
gap_60_paired_differences.csv,gap_60,source_trained__corrected_primary__harmonized_dynamic_vitals,ci_low,-0.5515690662644395,-0.5501734425180134,0.0013956237464261,1e-08,DIFFERENCE,mean_predicted_risk,corrected_primary_source_raw
gap_60_paired_differences.csv,gap_60,source_trained__corrected_primary__harmonized_dynamic_vitals,ci_high,-0.3256553417213967,-0.3246371782970933,0.0010181634243033866,1e-08,DIFFERENCE,mean_predicted_risk,corrected_primary_source_raw
gap_60_paired_differences.csv,gap_60,source_trained__corrected_primary__harmonized_dynamic_vitals,valid_replicates,1000.0,1000.0,0.0,1e-08,match,mean_predicted_risk,corrected_primary_source_raw
gap_60_paired_differences.csv,gap_60,source_trained__corrected_primary__harmonized_last_values,estimate,-0.0034636722744332,-0.0050004147757271,-0.0015367425012938998,1e-08,DIFFERENCE,auprc,corrected_primary_source_raw
gap_60_paired_differences.csv,gap_60,source_trained__corrected_primary__harmonized_last_values,ci_low,-0.028896710006782,-0.0296533678664856,-0.0007566578597035974,1e-08,DIFFERENCE,auprc,corrected_primary_source_raw
gap_60_paired_differences.csv,gap_60,source_trained__corrected_primary__harmonized_last_values,ci_high,0.0220210235554727,0.0202537463876405,-0.0017672771678322007,1e-08,DIFFERENCE,auprc,corrected_primary_source_raw
gap_60_paired_differences.csv,gap_60,source_trained__corrected_primary__harmonized_last_values,valid_replicates,1000.0,1000.0,0.0,1e-08,match,auprc,corrected_primary_source_raw
gap_60_paired_differences.csv,gap_60,source_trained__corrected_primary__harmonized_last_values,estimate,-0.0146955849032373,-0.0165225953026721,-0.0018270103994348,1e-08,DIFFERENCE,auroc,corrected_primary_source_raw
gap_60_paired_differences.csv,gap_60,source_trained__corrected_primary__harmonized_last_values,ci_low,-0.0547778229337004,-0.0564009617579411,-0.0016231388242406997,1e-08,DIFFERENCE,auroc,corrected_primary_source_raw
gap_60_paired_differences.csv,gap_60,source_trained__corrected_primary__harmonized_last_values,ci_high,0.0265342644221431,0.0246542735043195,-0.0018799909178236,1e-08,DIFFERENCE,auroc,corrected_primary_source_raw
gap_60_paired_differences.csv,gap_60,source_trained__corrected_primary__harmonized_last_values,valid_replicates,1000.0,1000.0,0.0,1e-08,match,auroc,corrected_primary_source_raw
gap_60_paired_differences.csv,gap_60,source_trained__corrected_primary__harmonized_last_values,estimate,-0.363629750228664,-0.3626565670756844,0.0009731831529796175,1e-08,DIFFERENCE,brier,corrected_primary_source_raw
gap_60_paired_differences.csv,gap_60,source_trained__corrected_primary__harmonized_last_values,ci_low,-0.4240466079434045,-0.4228624792150988,0.0011841287283057,1e-08,DIFFERENCE,brier,corrected_primary_source_raw
gap_60_paired_differences.csv,gap_60,source_trained__corrected_primary__harmonized_last_values,ci_high,-0.2705204297463836,-0.2696034215199039,0.0009170082264796653,1e-08,DIFFERENCE,brier,corrected_primary_source_raw
gap_60_paired_differences.csv,gap_60,source_trained__corrected_primary__harmonized_last_values,valid_replicates,1000.0,1000.0,0.0,1e-08,match,brier,corrected_primary_source_raw
gap_60_paired_differences.csv,gap_60,source_trained__corrected_primary__harmonized_last_values,estimate,0.1345113718818646,0.1324408438404278,-0.0020705280414367866,1e-08,DIFFERENCE,calibration_intercept,corrected_primary_source_raw
gap_60_paired_differences.csv,gap_60,source_trained__corrected_primary__harmonized_last_values,ci_low,-0.1376971492074047,-0.1409462278831635,-0.0032490786757587986,1e-08,DIFFERENCE,calibration_intercept,corrected_primary_source_raw
gap_60_paired_differences.csv,gap_60,source_trained__corrected_primary__harmonized_last_values,ci_high,0.3546571432521163,0.3527545610995676,-0.001902582152548682,1e-08,DIFFERENCE,calibration_intercept,corrected_primary_source_raw
gap_60_paired_differences.csv,gap_60,source_trained__corrected_primary__harmonized_last_values,valid_replicates,1000.0,1000.0,0.0,1e-08,match,calibration_intercept,corrected_primary_source_raw
gap_60_paired_differences.csv,gap_60,source_trained__corrected_primary__harmonized_last_values,estimate,-0.0470322803236249,-0.0498477638463724,-0.0028154835227474986,1e-08,DIFFERENCE,calibration_slope,corrected_primary_source_raw
gap_60_paired_differences.csv,gap_60,source_trained__corrected_primary__harmonized_last_values,ci_low,-0.2328806071665379,-0.2346874389903918,-0.0018068318238538827,1e-08,DIFFERENCE,calibration_slope,corrected_primary_source_raw
gap_60_paired_differences.csv,gap_60,source_trained__corrected_primary__harmonized_last_values,ci_high,0.0956992695479362,0.0922434708250082,-0.003455798722928005,1e-08,DIFFERENCE,calibration_slope,corrected_primary_source_raw
gap_60_paired_differences.csv,gap_60,source_trained__corrected_primary__harmonized_last_values,valid_replicates,1000.0,1000.0,0.0,1e-08,match,calibration_slope,corrected_primary_source_raw
gap_60_paired_differences.csv,gap_60,source_trained__corrected_primary__harmonized_last_values,estimate,-0.4398524611116158,-0.4397419990469192,0.00011046206469661479,1e-08,DIFFERENCE,mean_predicted_risk,corrected_primary_source_raw
gap_60_paired_differences.csv,gap_60,source_trained__corrected_primary__harmonized_last_values,ci_low,-0.5286019288670263,-0.528502022780412,9.990608661425426e-05,1e-08,DIFFERENCE,mean_predicted_risk,corrected_primary_source_raw
gap_60_paired_differences.csv,gap_60,source_trained__corrected_primary__harmonized_last_values,ci_high,-0.2863380961428331,-0.2863599717871779,-2.1875644344804268e-05,1e-08,DIFFERENCE,mean_predicted_risk,corrected_primary_source_raw
gap_60_paired_differences.csv,gap_60,source_trained__corrected_primary__harmonized_last_values,valid_replicates,1000.0,1000.0,0.0,1e-08,match,mean_predicted_risk,corrected_primary_source_raw
gap_60_paired_differences.csv,gap_60,source_trained__corrected_strict__harmonized_dynamic_vitals,estimate,0.0287869156646994,0.0267090087036721,-0.0020779069610273003,1e-08,DIFFERENCE,auprc,corrected_primary_source_raw
gap_60_paired_differences.csv,gap_60,source_trained__corrected_strict__harmonized_dynamic_vitals,ci_low,0.0036173679464062,0.0021747908871032,-0.001442577059303,1e-08,DIFFERENCE,auprc,corrected_primary_source_raw
gap_60_paired_differences.csv,gap_60,source_trained__corrected_strict__harmonized_dynamic_vitals,ci_high,0.0517030134011457,0.0493935827592845,-0.0023094306418611973,1e-08,DIFFERENCE,auprc,corrected_primary_source_raw
gap_60_paired_differences.csv,gap_60,source_trained__corrected_strict__harmonized_dynamic_vitals,valid_replicates,1000.0,1000.0,0.0,1e-08,match,auprc,corrected_primary_source_raw
gap_60_paired_differences.csv,gap_60,source_trained__corrected_strict__harmonized_dynamic_vitals,estimate,0.0205114406015221,0.0173329011702039,-0.0031785394313181975,1e-08,DIFFERENCE,auroc,corrected_primary_source_raw
gap_60_paired_differences.csv,gap_60,source_trained__corrected_strict__harmonized_dynamic_vitals,ci_low,-0.0079750478675126,-0.0104335752957131,-0.0024585274282004996,1e-08,DIFFERENCE,auroc,corrected_primary_source_raw
gap_60_paired_differences.csv,gap_60,source_trained__corrected_strict__harmonized_dynamic_vitals,ci_high,0.0470848692555866,0.0439643705162339,-0.0031204987393527034,1e-08,DIFFERENCE,auroc,corrected_primary_source_raw
gap_60_paired_differences.csv,gap_60,source_trained__corrected_strict__harmonized_dynamic_vitals,valid_replicates,1000.0,1000.0,0.0,1e-08,match,auroc,corrected_primary_source_raw
gap_60_paired_differences.csv,gap_60,source_trained__corrected_strict__harmonized_dynamic_vitals,estimate,-0.3712534517014423,-0.3693915896680846,0.0018618620333576974,1e-08,DIFFERENCE,brier,corrected_primary_source_raw
gap_60_paired_differences.csv,gap_60,source_trained__corrected_strict__harmonized_dynamic_vitals,ci_low,-0.429926357544437,-0.4278448607247209,0.002081496819716089,1e-08,DIFFERENCE,brier,corrected_primary_source_raw
gap_60_paired_differences.csv,gap_60,source_trained__corrected_strict__harmonized_dynamic_vitals,ci_high,-0.2813846334481218,-0.2797216058336054,0.0016630276145164213,1e-08,DIFFERENCE,brier,corrected_primary_source_raw
gap_60_paired_differences.csv,gap_60,source_trained__corrected_strict__harmonized_dynamic_vitals,valid_replicates,1000.0,1000.0,0.0,1e-08,match,brier,corrected_primary_source_raw
gap_60_paired_differences.csv,gap_60,source_trained__corrected_strict__harmonized_dynamic_vitals,estimate,0.2272134520897936,0.2175204705278429,-0.009692981561950698,1e-08,DIFFERENCE,calibration_intercept,corrected_primary_source_raw
gap_60_paired_differences.csv,gap_60,source_trained__corrected_strict__harmonized_dynamic_vitals,ci_low,-0.0592894129298469,-0.0667458751368997,-0.0074564622070527956,1e-08,DIFFERENCE,calibration_intercept,corrected_primary_source_raw
gap_60_paired_differences.csv,gap_60,source_trained__corrected_strict__harmonized_dynamic_vitals,ci_high,0.4519587650768404,0.4412902467811449,-0.010668518295695484,1e-08,DIFFERENCE,calibration_intercept,corrected_primary_source_raw
gap_60_paired_differences.csv,gap_60,source_trained__corrected_strict__harmonized_dynamic_vitals,valid_replicates,1000.0,1000.0,0.0,1e-08,match,calibration_intercept,corrected_primary_source_raw
gap_60_paired_differences.csv,gap_60,source_trained__corrected_strict__harmonized_dynamic_vitals,estimate,0.0957426341243084,0.0822571451777425,-0.013485488946565899,1e-08,DIFFERENCE,calibration_slope,corrected_primary_source_raw
gap_60_paired_differences.csv,gap_60,source_trained__corrected_strict__harmonized_dynamic_vitals,ci_low,-0.0661735937858554,-0.0787496081994894,-0.012576014413633999,1e-08,DIFFERENCE,calibration_slope,corrected_primary_source_raw
gap_60_paired_differences.csv,gap_60,source_trained__corrected_strict__harmonized_dynamic_vitals,ci_high,0.2271429239138039,0.2107420921104981,-0.016400831803305788,1e-08,DIFFERENCE,calibration_slope,corrected_primary_source_raw
gap_60_paired_differences.csv,gap_60,source_trained__corrected_strict__harmonized_dynamic_vitals,valid_replicates,1000.0,1000.0,0.0,1e-08,match,calibration_slope,corrected_primary_source_raw
gap_60_paired_differences.csv,gap_60,source_trained__corrected_strict__harmonized_dynamic_vitals,estimate,-0.464690297200219,-0.4620012127242313,0.002689084475987702,1e-08,DIFFERENCE,mean_predicted_risk,corrected_primary_source_raw
gap_60_paired_differences.csv,gap_60,source_trained__corrected_strict__harmonized_dynamic_vitals,ci_low,-0.5473312338479244,-0.544565490596836,0.0027657432510883595,1e-08,DIFFERENCE,mean_predicted_risk,corrected_primary_source_raw
gap_60_paired_differences.csv,gap_60,source_trained__corrected_strict__harmonized_dynamic_vitals,ci_high,-0.3215650563054756,-0.3191748671645346,0.0023901891409410236,1e-08,DIFFERENCE,mean_predicted_risk,corrected_primary_source_raw
gap_60_paired_differences.csv,gap_60,source_trained__corrected_strict__harmonized_dynamic_vitals,valid_replicates,1000.0,1000.0,0.0,1e-08,match,mean_predicted_risk,corrected_primary_source_raw
gap_60_paired_differences.csv,gap_60,source_trained__corrected_strict__harmonized_last_values,estimate,-0.0015205562615733,-0.003206126865482,-0.0016855706039087,1e-08,DIFFERENCE,auprc,corrected_primary_source_raw
gap_60_paired_differences.csv,gap_60,source_trained__corrected_strict__harmonized_last_values,ci_low,-0.0273078977857677,-0.0279761470275021,-0.0006682492417344026,1e-08,DIFFERENCE,auprc,corrected_primary_source_raw
gap_60_paired_differences.csv,gap_60,source_trained__corrected_strict__harmonized_last_values,ci_high,0.0241954778385106,0.0221548106836612,-0.0020406671548494,1e-08,DIFFERENCE,auprc,corrected_primary_source_raw
gap_60_paired_differences.csv,gap_60,source_trained__corrected_strict__harmonized_last_values,valid_replicates,1000.0,1000.0,0.0,1e-08,match,auprc,corrected_primary_source_raw
gap_60_paired_differences.csv,gap_60,source_trained__corrected_strict__harmonized_last_values,estimate,-0.0120185177823916,-0.0140030027183468,-0.0019844849359551987,1e-08,DIFFERENCE,auroc,corrected_primary_source_raw
gap_60_paired_differences.csv,gap_60,source_trained__corrected_strict__harmonized_last_values,ci_low,-0.0518189328312871,-0.0537510135791918,-0.0019320807479046992,1e-08,DIFFERENCE,auroc,corrected_primary_source_raw
gap_60_paired_differences.csv,gap_60,source_trained__corrected_strict__harmonized_last_values,ci_high,0.0287260227071723,0.0266376840969959,-0.002088338610176401,1e-08,DIFFERENCE,auroc,corrected_primary_source_raw
gap_60_paired_differences.csv,gap_60,source_trained__corrected_strict__harmonized_last_values,valid_replicates,1000.0,1000.0,0.0,1e-08,match,auroc,corrected_primary_source_raw
gap_60_paired_differences.csv,gap_60,source_trained__corrected_strict__harmonized_last_values,estimate,-0.3632664728428912,-0.3619946877627348,0.0012717850801564068,1e-08,DIFFERENCE,brier,corrected_primary_source_raw
gap_60_paired_differences.csv,gap_60,source_trained__corrected_strict__harmonized_last_values,ci_low,-0.4237147563835905,-0.4222409337405074,0.0014738226430831003,1e-08,DIFFERENCE,brier,corrected_primary_source_raw
gap_60_paired_differences.csv,gap_60,source_trained__corrected_strict__harmonized_last_values,ci_high,-0.2702457570990123,-0.2690226332538029,0.001223123845209395,1e-08,DIFFERENCE,brier,corrected_primary_source_raw
gap_60_paired_differences.csv,gap_60,source_trained__corrected_strict__harmonized_last_values,valid_replicates,1000.0,1000.0,0.0,1e-08,match,brier,corrected_primary_source_raw
gap_60_paired_differences.csv,gap_60,source_trained__corrected_strict__harmonized_last_values,estimate,0.1377727720436294,0.1363831357481753,-0.0013896362954541053,1e-08,DIFFERENCE,calibration_intercept,corrected_primary_source_raw
gap_60_paired_differences.csv,gap_60,source_trained__corrected_strict__harmonized_last_values,ci_low,-0.129304888966047,-0.1320526650809985,-0.0027477761149515,1e-08,DIFFERENCE,calibration_intercept,corrected_primary_source_raw
gap_60_paired_differences.csv,gap_60,source_trained__corrected_strict__harmonized_last_values,ci_high,0.35725481115191,0.3543647662552465,-0.0028900448966635017,1e-08,DIFFERENCE,calibration_intercept,corrected_primary_source_raw
gap_60_paired_differences.csv,gap_60,source_trained__corrected_strict__harmonized_last_values,valid_replicates,1000.0,1000.0,0.0,1e-08,match,calibration_intercept,corrected_primary_source_raw
gap_60_paired_differences.csv,gap_60,source_trained__corrected_strict__harmonized_last_values,estimate,-0.0412070419838907,-0.0429211220681468,-0.0017140800842561019,1e-08,DIFFERENCE,calibration_slope,corrected_primary_source_raw
gap_60_paired_differences.csv,gap_60,source_trained__corrected_strict__harmonized_last_values,ci_low,-0.2221440084428025,-0.2245879780391281,-0.002443969596325618,1e-08,DIFFERENCE,calibration_slope,corrected_primary_source_raw
gap_60_paired_differences.csv,gap_60,source_trained__corrected_strict__harmonized_last_values,ci_high,0.1001774482674231,0.1015103396075998,0.001332891340176695,1e-08,DIFFERENCE,calibration_slope,corrected_primary_source_raw
gap_60_paired_differences.csv,gap_60,source_trained__corrected_strict__harmonized_last_values,valid_replicates,1000.0,1000.0,0.0,1e-08,match,calibration_slope,corrected_primary_source_raw
gap_60_paired_differences.csv,gap_60,source_trained__corrected_strict__harmonized_last_values,estimate,-0.437288055627433,-0.4362672694807328,0.0010207861467002033,1e-08,DIFFERENCE,mean_predicted_risk,corrected_primary_source_raw
gap_60_paired_differences.csv,gap_60,source_trained__corrected_strict__harmonized_last_values,ci_low,-0.5259697834761838,-0.5250226175202407,0.00094716595594313,1e-08,DIFFERENCE,mean_predicted_risk,corrected_primary_source_raw
gap_60_paired_differences.csv,gap_60,source_trained__corrected_strict__harmonized_last_values,ci_high,-0.2840138014199601,-0.2830811237112134,0.0009326777087466653,1e-08,DIFFERENCE,mean_predicted_risk,corrected_primary_source_raw
gap_60_paired_differences.csv,gap_60,source_trained__corrected_strict__harmonized_last_values,valid_replicates,1000.0,1000.0,0.0,1e-08,match,mean_predicted_risk,corrected_primary_source_raw
gap_60_paired_differences.csv,gap_60,target_native__harmonized_dynamic_vitals,estimate,0.0822702521561995,0.0818406762746641,-0.0004295758815354017,1e-08,DIFFERENCE,auprc,corrected_primary_source_raw
gap_60_paired_differences.csv,gap_60,target_native__harmonized_dynamic_vitals,ci_low,0.0473993032244397,0.0471167174685858,-0.00028258575585390217,1e-08,DIFFERENCE,auprc,corrected_primary_source_raw
gap_60_paired_differences.csv,gap_60,target_native__harmonized_dynamic_vitals,ci_high,0.1113738910237919,0.110915577591128,-0.00045831343266390656,1e-08,DIFFERENCE,auprc,corrected_primary_source_raw
gap_60_paired_differences.csv,gap_60,target_native__harmonized_dynamic_vitals,valid_replicates,1000.0,1000.0,0.0,1e-08,match,auprc,corrected_primary_source_raw
gap_60_paired_differences.csv,gap_60,target_native__harmonized_dynamic_vitals,estimate,0.0845057287095955,0.0840562382849646,-0.0004494904246308967,1e-08,DIFFERENCE,auroc,corrected_primary_source_raw
gap_60_paired_differences.csv,gap_60,target_native__harmonized_dynamic_vitals,ci_low,0.0447290348161128,0.0445246611540264,-0.00020437366208640034,1e-08,DIFFERENCE,auroc,corrected_primary_source_raw
gap_60_paired_differences.csv,gap_60,target_native__harmonized_dynamic_vitals,ci_high,0.116954637661246,0.1160862060732827,-0.0008684315879633059,1e-08,DIFFERENCE,auroc,corrected_primary_source_raw
gap_60_paired_differences.csv,gap_60,target_native__harmonized_dynamic_vitals,valid_replicates,1000.0,1000.0,0.0,1e-08,match,auroc,corrected_primary_source_raw
gap_60_paired_differences.csv,gap_60,target_native__harmonized_dynamic_vitals,estimate,-0.3887172700771955,-0.3877692937057098,0.0009479763714856926,1e-08,DIFFERENCE,brier,corrected_primary_source_raw
gap_60_paired_differences.csv,gap_60,target_native__harmonized_dynamic_vitals,ci_low,-0.4482265770383624,-0.4471661152774466,0.0010604617609157874,1e-08,DIFFERENCE,brier,corrected_primary_source_raw
gap_60_paired_differences.csv,gap_60,target_native__harmonized_dynamic_vitals,ci_high,-0.3004826564032919,-0.2996468749120246,0.00083578149126734,1e-08,DIFFERENCE,brier,corrected_primary_source_raw
gap_60_paired_differences.csv,gap_60,target_native__harmonized_dynamic_vitals,valid_replicates,1000.0,1000.0,0.0,1e-08,match,brier,corrected_primary_source_raw
gap_60_paired_differences.csv,gap_60,target_native__harmonized_dynamic_vitals,estimate,0.6127333664031613,0.6125618630518848,-0.00017150335127658067,1e-08,DIFFERENCE,calibration_intercept,corrected_primary_source_raw
gap_60_paired_differences.csv,gap_60,target_native__harmonized_dynamic_vitals,ci_low,0.27831663416857,0.279259366268493,0.000942732099923016,1e-08,DIFFERENCE,calibration_intercept,corrected_primary_source_raw
gap_60_paired_differences.csv,gap_60,target_native__harmonized_dynamic_vitals,ci_high,0.8577981411713378,0.8564058665260404,-0.0013922746452973422,1e-08,DIFFERENCE,calibration_intercept,corrected_primary_source_raw
gap_60_paired_differences.csv,gap_60,target_native__harmonized_dynamic_vitals,valid_replicates,1000.0,1000.0,0.0,1e-08,match,calibration_intercept,corrected_primary_source_raw
gap_60_paired_differences.csv,gap_60,target_native__harmonized_dynamic_vitals,estimate,0.4512392480833201,0.4514420724843837,0.0002028244010636171,1e-08,DIFFERENCE,calibration_slope,corrected_primary_source_raw
gap_60_paired_differences.csv,gap_60,target_native__harmonized_dynamic_vitals,ci_low,0.2118210072297578,0.213940463614,0.0021194563842421854,1e-08,DIFFERENCE,calibration_slope,corrected_primary_source_raw
gap_60_paired_differences.csv,gap_60,target_native__harmonized_dynamic_vitals,ci_high,0.6670065216969424,0.6655427307497728,-0.0014637909471696409,1e-08,DIFFERENCE,calibration_slope,corrected_primary_source_raw
gap_60_paired_differences.csv,gap_60,target_native__harmonized_dynamic_vitals,valid_replicates,1000.0,1000.0,0.0,1e-08,match,calibration_slope,corrected_primary_source_raw
gap_60_paired_differences.csv,gap_60,target_native__harmonized_dynamic_vitals,estimate,-0.5372397291812459,-0.5362034678061242,0.0010362613751216943,1e-08,DIFFERENCE,mean_predicted_risk,corrected_primary_source_raw
gap_60_paired_differences.csv,gap_60,target_native__harmonized_dynamic_vitals,ci_low,-0.6218861335418726,-0.6210448430218224,0.0008412905200502196,1e-08,DIFFERENCE,mean_predicted_risk,corrected_primary_source_raw
gap_60_paired_differences.csv,gap_60,target_native__harmonized_dynamic_vitals,ci_high,-0.3940510297313369,-0.3930251278534404,0.0010259018778964735,1e-08,DIFFERENCE,mean_predicted_risk,corrected_primary_source_raw
gap_60_paired_differences.csv,gap_60,target_native__harmonized_dynamic_vitals,valid_replicates,1000.0,1000.0,0.0,1e-08,match,mean_predicted_risk,corrected_primary_source_raw
gap_60_paired_differences.csv,gap_60,target_native__harmonized_last_values,estimate,0.079036501056467,0.0785910395289164,-0.0004454615275506085,1e-08,DIFFERENCE,auprc,corrected_primary_source_raw
gap_60_paired_differences.csv,gap_60,target_native__harmonized_last_values,ci_low,0.0441818574765114,0.043845510170231,-0.0003363473062803976,1e-08,DIFFERENCE,auprc,corrected_primary_source_raw
gap_60_paired_differences.csv,gap_60,target_native__harmonized_last_values,ci_high,0.1202849741248951,0.1197907975766133,-0.0004941765482817939,1e-08,DIFFERENCE,auprc,corrected_primary_source_raw
gap_60_paired_differences.csv,gap_60,target_native__harmonized_last_values,valid_replicates,1000.0,1000.0,0.0,1e-08,match,auprc,corrected_primary_source_raw
gap_60_paired_differences.csv,gap_60,target_native__harmonized_last_values,estimate,0.0819372119974192,0.0814617306298675,-0.00047548136755169723,1e-08,DIFFERENCE,auroc,corrected_primary_source_raw
gap_60_paired_differences.csv,gap_60,target_native__harmonized_last_values,ci_low,0.0401479455068401,0.0394599270966585,-0.0006880184101816025,1e-08,DIFFERENCE,auroc,corrected_primary_source_raw
gap_60_paired_differences.csv,gap_60,target_native__harmonized_last_values,ci_high,0.1348496924719568,0.1339661574344151,-0.0008835350375417106,1e-08,DIFFERENCE,auroc,corrected_primary_source_raw
gap_60_paired_differences.csv,gap_60,target_native__harmonized_last_values,valid_replicates,1000.0,1000.0,0.0,1e-08,match,auroc,corrected_primary_source_raw
gap_60_paired_differences.csv,gap_60,target_native__harmonized_last_values,estimate,-0.3888520750607185,-0.3879126299827837,0.0009394450779348085,1e-08,DIFFERENCE,brier,corrected_primary_source_raw
gap_60_paired_differences.csv,gap_60,target_native__harmonized_last_values,ci_low,-0.4478460826530087,-0.4468219537707264,0.0010241288822822603,1e-08,DIFFERENCE,brier,corrected_primary_source_raw
gap_60_paired_differences.csv,gap_60,target_native__harmonized_last_values,ci_high,-0.3013282500724099,-0.3006508437283449,0.0006774063440649902,1e-08,DIFFERENCE,brier,corrected_primary_source_raw
gap_60_paired_differences.csv,gap_60,target_native__harmonized_last_values,valid_replicates,1000.0,1000.0,0.0,1e-08,match,brier,corrected_primary_source_raw
gap_60_paired_differences.csv,gap_60,target_native__harmonized_last_values,estimate,0.6552635463324548,0.6545483645821364,-0.0007151817503183722,1e-08,DIFFERENCE,calibration_intercept,corrected_primary_source_raw
gap_60_paired_differences.csv,gap_60,target_native__harmonized_last_values,ci_low,0.2802852288012401,0.2800148014961867,-0.0002704273050534445,1e-08,DIFFERENCE,calibration_intercept,corrected_primary_source_raw
gap_60_paired_differences.csv,gap_60,target_native__harmonized_last_values,ci_high,0.9543439351132832,0.9528528916264196,-0.0014910434868635747,1e-08,DIFFERENCE,calibration_intercept,corrected_primary_source_raw
gap_60_paired_differences.csv,gap_60,target_native__harmonized_last_values,valid_replicates,1000.0,1000.0,0.0,1e-08,match,calibration_intercept,corrected_primary_source_raw
gap_60_paired_differences.csv,gap_60,target_native__harmonized_last_values,estimate,0.5216929825219018,0.5212153577934692,-0.00047762472843260184,1e-08,DIFFERENCE,calibration_slope,corrected_primary_source_raw
gap_60_paired_differences.csv,gap_60,target_native__harmonized_last_values,ci_low,0.176952415193803,0.1765266695146258,-0.00042574567917719186,1e-08,DIFFERENCE,calibration_slope,corrected_primary_source_raw
gap_60_paired_differences.csv,gap_60,target_native__harmonized_last_values,ci_high,0.8557519025439921,0.8546433652701882,-0.001108537273803889,1e-08,DIFFERENCE,calibration_slope,corrected_primary_source_raw
gap_60_paired_differences.csv,gap_60,target_native__harmonized_last_values,valid_replicates,1000.0,1000.0,0.0,1e-08,match,calibration_slope,corrected_primary_source_raw
gap_60_paired_differences.csv,gap_60,target_native__harmonized_last_values,estimate,-0.5318317667191509,-0.5308329733892311,0.0009987933299198115,1e-08,DIFFERENCE,mean_predicted_risk,corrected_primary_source_raw
gap_60_paired_differences.csv,gap_60,target_native__harmonized_last_values,ci_low,-0.6202327446964458,-0.6193149797551369,0.0009177649413089073,1e-08,DIFFERENCE,mean_predicted_risk,corrected_primary_source_raw
gap_60_paired_differences.csv,gap_60,target_native__harmonized_last_values,ci_high,-0.3794498432515413,-0.3784670813943859,0.0009827618571554009,1e-08,DIFFERENCE,mean_predicted_risk,corrected_primary_source_raw
gap_60_paired_differences.csv,gap_60,target_native__harmonized_last_values,valid_replicates,1000.0,1000.0,0.0,1e-08,match,mean_predicted_risk,corrected_primary_source_raw
gap_60_paired_differences.csv,gap_60,target_native_refit,estimate,0.067478293067271,0.0671786944895761,-0.00029959857769490394,1e-08,DIFFERENCE,auprc,corrected_primary_source_raw
gap_60_paired_differences.csv,gap_60,target_native_refit,ci_low,0.0284704784204856,0.0282078734780044,-0.00026260494248120034,1e-08,DIFFERENCE,auprc,corrected_primary_source_raw
gap_60_paired_differences.csv,gap_60,target_native_refit,ci_high,0.1025851236130309,0.1018917324944585,-0.0006933911185724034,1e-08,DIFFERENCE,auprc,corrected_primary_source_raw
gap_60_paired_differences.csv,gap_60,target_native_refit,valid_replicates,1000.0,1000.0,0.0,1e-08,match,auprc,corrected_primary_source_raw
gap_60_paired_differences.csv,gap_60,target_native_refit,estimate,0.0792907224564805,0.0788014811779707,-0.0004892412785097999,1e-08,DIFFERENCE,auroc,corrected_primary_source_raw
gap_60_paired_differences.csv,gap_60,target_native_refit,ci_low,0.0354962725231235,0.0351977401219638,-0.00029853240115969987,1e-08,DIFFERENCE,auroc,corrected_primary_source_raw
gap_60_paired_differences.csv,gap_60,target_native_refit,ci_high,0.1171545081464675,0.116703062220834,-0.00045144592563349517,1e-08,DIFFERENCE,auroc,corrected_primary_source_raw
gap_60_paired_differences.csv,gap_60,target_native_refit,valid_replicates,1000.0,1000.0,0.0,1e-08,match,auroc,corrected_primary_source_raw
gap_60_paired_differences.csv,gap_60,target_native_refit,estimate,-0.3879791712536981,-0.3870522877415422,0.0009268835121558627,1e-08,DIFFERENCE,brier,corrected_primary_source_raw
gap_60_paired_differences.csv,gap_60,target_native_refit,ci_low,-0.4487569745193056,-0.4476471628835258,0.0011098116357797783,1e-08,DIFFERENCE,brier,corrected_primary_source_raw
gap_60_paired_differences.csv,gap_60,target_native_refit,ci_high,-0.2984987488884412,-0.2976936928661388,0.0008050560223024084,1e-08,DIFFERENCE,brier,corrected_primary_source_raw
gap_60_paired_differences.csv,gap_60,target_native_refit,valid_replicates,1000.0,1000.0,0.0,1e-08,match,brier,corrected_primary_source_raw
gap_60_paired_differences.csv,gap_60,target_native_refit,estimate,0.6061553589731941,0.5998419769750175,-0.006313381998176548,1e-08,DIFFERENCE,calibration_intercept,corrected_primary_source_raw
gap_60_paired_differences.csv,gap_60,target_native_refit,ci_low,0.2699430507621231,0.2711745643961805,0.0012315136340573796,1e-08,DIFFERENCE,calibration_intercept,corrected_primary_source_raw
gap_60_paired_differences.csv,gap_60,target_native_refit,ci_high,0.8602450713843651,0.8522239357308993,-0.00802113565346585,1e-08,DIFFERENCE,calibration_intercept,corrected_primary_source_raw
gap_60_paired_differences.csv,gap_60,target_native_refit,valid_replicates,1000.0,1000.0,0.0,1e-08,match,calibration_intercept,corrected_primary_source_raw
gap_60_paired_differences.csv,gap_60,target_native_refit,estimate,0.3999847478228641,0.3939986548132552,-0.005986093009608895,1e-08,DIFFERENCE,calibration_slope,corrected_primary_source_raw
gap_60_paired_differences.csv,gap_60,target_native_refit,ci_low,0.1617986545574049,0.155520311661608,-0.0062783428957968734,1e-08,DIFFERENCE,calibration_slope,corrected_primary_source_raw
gap_60_paired_differences.csv,gap_60,target_native_refit,ci_high,0.6111759377769432,0.6113525189655683,0.000176581188625069,1e-08,DIFFERENCE,calibration_slope,corrected_primary_source_raw
gap_60_paired_differences.csv,gap_60,target_native_refit,valid_replicates,1000.0,1000.0,0.0,1e-08,match,calibration_slope,corrected_primary_source_raw
gap_60_paired_differences.csv,gap_60,target_native_refit,estimate,-0.5546522971246259,-0.5536719312752221,0.0009803658494038636,1e-08,DIFFERENCE,mean_predicted_risk,corrected_primary_source_raw
gap_60_paired_differences.csv,gap_60,target_native_refit,ci_low,-0.6454850220974472,-0.6445482959775686,0.0009367261198786059,1e-08,DIFFERENCE,mean_predicted_risk,corrected_primary_source_raw
gap_60_paired_differences.csv,gap_60,target_native_refit,ci_high,-0.4010316151204238,-0.3999671887476791,0.0010644263727446757,1e-08,DIFFERENCE,mean_predicted_risk,corrected_primary_source_raw
gap_60_paired_differences.csv,gap_60,target_native_refit,valid_replicates,1000.0,1000.0,0.0,1e-08,match,mean_predicted_risk,corrected_primary_source_raw
